178.13	-0.0000E00
178.35	-0.0000E00
178.57	-0.0000E00
178.79	-0.0000E00
179.01	0.0000E00
179.23	0.0000E00
179.45	-0.0000E00
179.67	-0.0000E00
179.89	-0.0000E00
180.11	0.0000E00
180.33	0.0000E00
180.55	-0.0000E00
180.77	-0.0000E00
180.99	0.0000E00
181.21	0.0000E00
181.43	-0.0000E00
181.65	0.0000E00
181.87	-0.0000E00
182.09	-0.0000E00
182.31	0.0000E00
182.53	-0.0000E00
182.75	-0.0000E00
182.97	0.0000E00
183.19	0.0000E00
183.41	-0.0000E00
183.63	0.0000E00
183.85	-0.0000E00
184.07	0.0000E00
184.29	-0.0000E00
184.51	0.0000E00
184.73	-0.0000E00
184.95	0.0000E00
185.17	-0.0000E00
185.39	-0.0000E00
185.61	0.0000E00
185.83	0.0000E00
186.05	0.0000E00
186.27	0.0000E00
186.48	-0.0000E00
186.70	0.0000E00
186.92	-0.0000E00
187.14	-0.0000E00
187.36	-0.0000E00
187.58	-0.0000E00
187.80	0.0000E00
188.02	0.0000E00
188.24	-0.0000E00
188.46	-0.0000E00
188.68	-0.0000E00
188.90	-0.0000E00
189.12	0.0000E00
189.34	-0.0000E00
189.56	0.0000E00
189.78	-0.0000E00
190.00	0.0000E00
190.22	0.0000E00
190.44	0.0000E00
190.66	-0.0000E00
190.88	-0.0000E00
191.09	0.0000E00
191.31	0.0000E00
191.53	0.0000E00
191.75	0.0000E00
191.97	0.0000E00
192.19	-0.0000E00
192.41	-0.0000E00
192.63	-0.0000E00
192.85	-0.0000E00
193.07	0.0000E00
193.29	0.0000E00
193.51	-0.0000E00
193.73	0.0000E00
193.95	0.0000E00
194.16	-0.0000E00
194.38	-0.0000E00
194.60	0.0000E00
194.82	-0.0000E00
195.04	0.0000E00
195.26	0.0000E00
195.48	0.0000E00
195.70	-0.0000E00
195.92	-0.0000E00
196.14	-0.0000E00
196.36	0.0000E00
196.58	-0.0000E00
196.79	0.0000E00
197.01	0.0000E00
197.23	0.0000E00
197.45	0.0000E00
197.67	-0.0000E00
197.89	0.0000E00
198.11	-0.0000E00
198.33	-0.0000E00
198.55	-0.0000E00
198.77	0.0000E00
198.98	0.0000E00
199.20	-0.0000E00
199.42	0.0000E00
199.64	-0.0000E00
199.86	0.0000E00
200.08	-1.2053E-02
200.30	4.5059E-03
200.52	-6.9042E-03
200.74	3.4317E-03
200.95	7.6026E-03
201.17	-3.7860E-03
201.39	3.0593E-03
201.61	1.3398E-03
201.83	5.6849E-03
202.05	4.0658E-03
202.27	-5.8599E-03
202.49	4.2216E-03
202.71	-2.4541E-03
202.92	0.0000E00
203.14	-6.1170E-03
203.36	5.8467E-03
203.58	6.0134E-03
203.80	-2.3483E-03
204.02	-5.1496E-03
204.24	6.2401E-04
204.45	-4.7967E-03
204.67	3.4136E-03
204.89	-3.6995E-03
205.11	-1.1818E-04
205.33	8.1654E-04
205.55	-2.8571E-03
205.77	3.0440E-03
205.99	-1.0720E-03
206.20	-1.3688E-03
206.42	-5.5746E-03
206.64	1.5429E-03
206.86	6.6509E-03
207.08	4.8105E-03
207.30	-1.2501E-03
207.51	-3.8915E-03
207.73	-5.1778E-03
207.95	2.2435E-03
208.17	1.5021E-03
208.39	-1.7307E-03
208.61	2.3901E-03
208.83	-1.6817E-03
209.04	2.8866E-03
209.26	-2.9263E-03
209.48	4.0037E-03
209.70	7.8450E-04
209.92	6.1030E-04
210.14	-9.8233E-04
210.35	3.7375E-03
210.57	-7.3711E-05
210.79	-9.4851E-04
211.01	2.0175E-03
211.23	4.2421E-04
211.45	-1.7428E-03
211.66	1.8498E-03
211.88	-1.1475E-03
212.10	2.6681E-04
212.32	-1.9123E-03
212.54	2.2778E-03
212.76	2.4412E-03
212.97	1.7713E-03
213.19	1.2482E-03
213.41	-1.0456E-03
213.63	-2.7364E-03
213.85	-2.9944E-04
214.06	-9.5070E-04
214.28	4.3296E-03
214.50	-1.9162E-03
214.72	0.0000E00
214.94	-1.7574E-03
215.16	-1.7912E-03
215.37	-6.0771E-04
215.59	5.4503E-04
215.81	-1.4029E-03
216.03	2.3970E-03
216.25	-2.0996E-04
216.46	-1.9139E-03
216.68	-7.6930E-04
216.90	-5.0551E-05
217.12	2.8869E-03
217.34	1.2815E-03
217.55	-6.8513E-04
217.77	8.2756E-04
217.99	2.4167E-04
218.21	-3.3237E-04
218.43	-1.4041E-04
218.64	-6.9368E-04
218.86	2.4091E-03
219.08	1.3858E-03
219.30	4.3256E-03
219.51	-3.4984E-04
219.73	1.9450E-03
219.95	-1.1520E-03
220.17	-4.1958E-05
220.39	1.6923E-03
220.60	-5.7296E-04
220.82	-8.1227E-05
221.04	4.0276E-04
221.26	2.7568E-03
221.47	-1.5019E-03
221.69	-3.9078E-05
221.91	1.1611E-04
222.13	-1.0326E-03
222.35	-1.4753E-03
222.56	1.9914E-03
222.78	-1.1215E-04
223.00	9.9846E-04
223.22	8.0375E-04
223.43	1.5847E-03
223.65	7.8206E-04
223.87	-6.3075E-04
224.09	-1.3495E-03
224.30	-1.2016E-03
224.52	-2.0432E-04
224.74	1.2506E-03
224.96	1.0080E-04
225.17	1.0660E-03
225.39	-1.0223E-03
225.61	-8.1323E-04
225.83	4.1846E-04
226.04	3.1925E-05
226.26	-2.5388E-03
226.48	1.6057E-03
226.70	7.4806E-04
226.91	8.9800E-04
227.13	3.0691E-04
227.35	-1.2724E-03
227.57	-1.1941E-04
227.78	-1.4752E-03
228.00	8.4975E-04
228.22	-2.4107E-03
228.44	1.1219E-03
228.65	5.7054E-04
228.87	-4.2415E-04
229.09	-3.0860E-04
229.31	-3.3270E-04
229.52	1.1523E-03
229.74	-2.1788E-04
229.96	-3.7787E-04
230.18	-6.4251E-04
230.39	-7.9293E-04
230.61	-1.3368E-03
230.83	9.8849E-04
231.04	-5.4401E-04
231.26	1.3868E-03
231.48	-2.2883E-04
231.70	9.3307E-04
231.91	-9.7412E-04
232.13	4.4552E-04
232.35	1.2322E-04
232.56	-1.0766E-03
232.78	7.5537E-04
233.00	7.0307E-04
233.22	-1.6819E-04
233.43	3.5632E-04
233.65	1.0396E-03
233.87	-2.8112E-04
234.08	-1.1158E-03
234.30	1.3160E-03
234.52	4.3485E-04
234.74	2.2616E-04
234.95	-3.1378E-04
235.17	2.2211E-04
235.39	1.5682E-03
235.60	3.9475E-04
235.82	6.5153E-05
236.04	-8.8253E-04
236.25	7.4718E-04
236.47	3.7980E-04
236.69	-6.0649E-04
236.90	4.7569E-04
237.12	2.4694E-04
237.34	5.9267E-04
237.56	-1.0187E-04
237.77	-3.6342E-04
237.99	-7.0445E-04
238.21	1.7228E-03
238.42	-2.9884E-04
238.64	4.5519E-04
238.86	-2.1693E-04
239.07	-1.3107E-03
239.29	3.3153E-04
239.51	-1.9340E-04
239.72	1.3247E-03
239.94	3.2307E-04
240.16	-4.3443E-04
240.37	-3.7403E-04
240.59	3.9039E-04
240.81	5.8894E-04
241.02	7.1280E-04
241.24	-4.1719E-04
241.46	-1.4433E-04
241.67	-7.1491E-04
241.89	3.5666E-05
242.11	2.4728E-04
242.32	9.8450E-04
242.54	3.4907E-05
242.76	2.7813E-04
242.97	-5.0029E-04
243.19	-2.5796E-04
243.41	7.5370E-04
243.62	8.5214E-05
243.84	-3.3924E-05
244.06	-5.0735E-04
244.27	6.2051E-04
244.49	8.3731E-04
244.70	3.0010E-04
244.92	6.7962E-04
245.14	-4.9337E-05
245.35	1.0130E-03
245.57	-1.1349E-04
245.79	3.7480E-04
246.00	4.5391E-04
246.22	-6.4337E-05
246.44	3.0343E-04
246.65	-9.0498E-04
246.87	6.6176E-04
247.09	-1.2514E-04
247.30	3.7411E-04
247.52	4.6476E-04
247.73	-1.4347E-03
247.95	-2.3022E-04
248.17	-1.8055E-04
248.38	1.7858E-04
248.60	1.4783E-05
248.82	-2.0569E-04
249.03	4.0845E-04
249.25	-8.7398E-04
249.46	-8.1171E-04
249.68	-1.7293E-04
249.90	1.2915E-04
250.11	-3.9946E-04
250.33	-3.1211E-04
250.54	-5.6461E-05
250.76	-1.4084E-04
250.98	-4.2161E-05
251.19	5.0398E-04
251.41	5.4405E-04
251.63	7.4852E-04
251.84	-1.7922E-04
252.06	-1.5087E-04
252.27	-1.6357E-04
252.49	6.3441E-04
252.71	2.5500E-04
252.92	7.8897E-05
253.14	-4.5689E-04
253.35	-4.6689E-04
253.57	-2.3188E-04
253.79	-5.1316E-05
254.00	1.2754E-05
254.22	-2.7940E-04
254.43	-3.5400E-04
254.65	4.1514E-04
254.86	3.5135E-04
255.08	-7.4973E-05
255.30	-3.1580E-04
255.51	2.2669E-04
255.73	-2.3846E-04
255.94	1.9998E-04
256.16	-3.1100E-04
256.38	1.8641E-04
256.59	-6.1847E-05
256.81	0.0000E00
257.02	-1.2255E-04
257.24	9.7748E-05
257.45	2.1838E-04
257.67	2.6535E-04
257.89	-2.3984E-04
258.10	4.6383E-04
258.32	4.2648E-04
258.53	1.2981E-04
258.75	-1.7587E-04
258.96	4.2096E-04
259.18	1.8676E-04
259.40	-2.3247E-05
259.61	-6.9560E-05
259.83	5.3254E-04
260.04	4.6090E-04
260.26	-2.2960E-05
260.47	7.4454E-04
260.69	3.3192E-04
260.90	-1.0239E-04
261.12	-1.3627E-04
261.34	5.5464E-04
261.55	9.6059E-04
261.77	-5.2899E-04
261.98	3.4703E-04
262.20	-4.6800E-04
262.41	1.0680E-03
262.63	-1.7780E-04
262.84	-7.7827E-05
263.06	-1.1073E-04
263.27	1.1041E-05
263.49	2.6344E-04
263.71	-2.6162E-04
263.92	1.8378E-04
264.14	1.0788E-05
264.35	-5.8062E-04
264.57	-4.0702E-04
264.78	2.3460E-04
265.00	-3.8250E-04
265.21	-7.3761E-05
265.43	-9.4331E-05
265.64	5.2258E-05
265.86	3.1188E-05
266.07	8.0979E-04
266.29	-3.1073E-04
266.50	2.7792E-04
266.72	3.6978E-04
266.94	-1.1255E-04
267.15	-9.1477E-05
267.37	-1.9195E-04
267.58	-1.5141E-04
267.80	-4.2245E-04
268.01	-3.3017E-04
268.23	-4.0990E-04
268.44	6.1599E-04
268.66	5.9319E-04
268.87	3.0556E-04
269.09	2.9412E-04
269.30	-4.8019E-04
269.52	-3.6346E-04
269.73	2.9399E-04
269.95	4.2002E-04
270.16	4.3739E-04
270.38	-8.7240E-05
270.59	-5.5905E-04
270.81	2.9821E-04
271.02	3.3607E-04
271.24	-1.1483E-04
271.45	4.3765E-04
271.67	-4.6373E-04
271.88	0.0000E00
272.10	4.0277E-04
272.31	-3.1709E-04
272.53	3.2576E-04
272.74	2.2245E-04
272.96	3.5244E-04
273.17	2.5892E-04
273.39	-9.1781E-06
273.60	6.2223E-04
273.81	-2.9254E-04
274.03	3.1891E-04
274.24	-2.3632E-04
274.46	1.4461E-04
274.67	-1.0807E-04
274.89	3.5785E-05
275.10	1.1560E-04
275.32	-3.4446E-04
275.53	-3.8644E-04
275.75	-1.5803E-04
275.96	-1.2195E-04
276.18	-3.0315E-04
276.39	1.9051E-04
276.61	-3.4499E-05
276.82	4.2871E-05
277.04	2.5600E-05
277.25	-2.1334E-04
277.46	3.1464E-04
277.68	3.7179E-04
277.89	1.5972E-04
278.11	2.0926E-04
278.32	-1.5049E-04
278.54	1.3358E-04
278.75	1.1571E-04
278.97	-4.9365E-05
279.18	-2.2948E-04
279.40	6.1254E-04
279.61	3.4082E-04
279.82	2.0165E-04
280.04	-1.2074E-04
280.25	-2.2524E-04
280.47	2.9639E-04
280.68	-5.4853E-04
280.90	3.7132E-04
281.11	4.0947E-04
281.32	1.1004E-04
281.54	-3.4414E-04
281.75	-1.3216E-04
281.97	5.4147E-05
282.18	-2.6241E-04
282.40	-3.6177E-04
282.61	9.1933E-05
282.83	4.5867E-04
283.04	-6.2692E-04
283.25	2.2074E-04
283.47	3.7947E-05
283.68	2.1150E-04
283.90	-5.4335E-04
284.11	-3.0810E-04
284.32	-3.2884E-04
284.54	3.2013E-04
284.75	1.3316E-04
284.97	-1.0345E-04
285.18	3.1015E-04
285.40	-4.4346E-05
285.61	-4.2091E-04
285.82	3.6197E-04
286.04	-1.3986E-04
286.25	-2.4159E-04
286.47	-1.2380E-04
286.68	1.8173E-04
286.89	1.0144E-04
287.11	5.9367E-04
287.32	3.9571E-04
287.54	5.0077E-04
287.75	1.2081E-04
287.96	-1.3446E-04
288.18	2.8858E-04
288.39	1.2636E-04
288.61	1.7486E-04
288.82	2.0965E-04
289.03	-4.1749E-04
289.25	-6.2387E-05
289.46	8.9441E-05
289.68	1.5106E-04
289.89	-6.1466E-05
290.10	2.7226E-05
290.32	-3.7359E-04
290.53	1.6919E-04
290.74	-4.1104E-04
290.96	-8.0579E-05
291.17	2.6765E-05
291.39	2.7994E-04
291.60	2.8571E-04
291.81	-2.5864E-04
292.03	-1.9820E-04
292.24	2.3676E-04
292.45	2.0295E-04
292.67	-2.3483E-04
292.88	3.1904E-04
293.10	-4.9983E-04
293.31	1.2944E-04
293.52	1.4821E-04
293.74	1.1561E-04
293.95	3.8419E-05
294.16	4.0127E-04
294.38	3.9266E-04
294.59	-1.2627E-05
294.80	-1.9483E-04
295.02	-1.4372E-04
295.23	-3.7398E-05
295.45	3.9117E-04
295.66	-1.8571E-05
295.87	3.1413E-04
296.09	6.7655E-05
296.30	1.8969E-04
296.51	-5.4906E-05
296.73	-1.9495E-04
296.94	1.8846E-04
297.15	-1.2126E-04
297.37	-1.0881E-04
297.58	-1.8065E-05
297.79	-6.0164E-04
298.01	-1.9180E-04
298.22	-2.3941E-05
298.43	7.7466E-05
298.65	1.0711E-04
298.86	-2.8475E-04
299.07	-2.1265E-04
299.29	-4.7209E-05
299.50	3.5412E-05
299.71	-2.0655E-04
299.93	-3.0604E-04
300.14	-3.0521E-04
300.35	3.1606E-04
300.57	-8.7454E-05
300.78	-3.4861E-05
300.99	0.0000E00
301.21	2.5371E-04
301.42	4.2114E-04
301.63	2.7637E-04
301.85	-4.0261E-05
302.06	-3.4448E-05
302.27	-1.8364E-04
302.48	-4.1140E-04
302.70	1.4852E-04
302.91	-1.1945E-04
303.12	2.3262E-04
303.34	-1.0192E-04
303.55	1.5813E-04
303.76	1.2953E-04
303.98	2.1361E-04
304.19	2.1319E-04
304.40	-2.2984E-04
304.61	-3.3549E-04
304.83	1.0050E-04
305.04	2.7843E-05
305.25	-2.0653E-04
305.47	5.5824E-05
305.68	-1.4491E-04
305.89	7.2447E-05
306.11	-8.3629E-05
306.32	6.6885E-05
306.53	5.5611E-06
306.74	6.1116E-05
306.96	-1.1074E-04
307.17	8.2812E-05
307.38	1.1033E-04
307.60	2.9198E-04
307.81	-1.8138E-04
308.02	2.1982E-04
308.23	2.7428E-05
308.45	-3.2798E-04
308.66	-1.5234E-04
308.87	-5.4632E-05
309.08	1.3077E-04
309.30	7.6538E-05
309.51	-6.5822E-05
309.72	-5.4803E-05
309.94	-2.0221E-04
310.15	2.8379E-04
310.36	-2.8884E-04
310.57	3.4769E-04
310.79	-4.8723E-05
311.00	2.5055E-04
311.21	-1.0844E-05
311.42	6.4931E-05
311.64	1.7226E-04
311.85	-2.7886E-04
312.06	-2.8389E-04
312.27	8.0305E-05
312.49	3.1993E-05
312.70	-2.5527E-04
312.91	-2.7574E-04
313.12	9.0126E-05
313.34	1.0513E-04
313.55	-2.0432E-04
313.76	4.1888E-05
313.97	3.1442E-05
314.19	-7.3285E-05
314.40	-7.2910E-05
314.61	3.0713E-04
314.82	-2.7153E-04
315.04	1.3033E-04
315.25	2.6022E-05
315.46	4.6713E-05
315.67	7.7805E-05
315.88	-5.1702E-05
316.10	-3.6175E-05
316.31	5.1713E-05
316.52	9.2991E-05
316.73	-9.8320E-05
316.95	3.6137E-05
317.16	5.1433E-05
317.37	8.7150E-05
317.58	9.7151E-05
317.79	6.6424E-05
318.01	2.6537E-04
318.22	2.5600E-05
318.43	1.7956E-04
318.64	1.1295E-04
318.86	-8.7407E-05
319.07	3.3949E-04
319.28	1.7993E-04
319.49	4.2010E-04
319.70	1.5348E-05
319.92	-5.1162E-05
320.13	-3.4135E-04
320.34	2.4446E-04
320.55	1.9800E-04
320.76	-1.6239E-04
320.98	7.6155E-05
321.19	2.0371E-05
321.40	-1.7322E-04
321.61	-2.4860E-04
321.82	1.4197E-04
322.04	-1.0160E-04
322.25	-1.4228E-04
322.46	1.1725E-04
322.67	-3.5721E-05
322.88	-1.0276E-05
323.09	2.3641E-04
323.31	3.0817E-05
323.52	3.0634E-05
323.73	-4.5978E-05
323.94	-3.8450E-04
324.15	-5.6320E-05
324.37	1.1767E-04
324.58	3.7268E-04
324.79	3.2056E-04
325.00	2.4809E-04
325.21	2.5303E-05
325.42	-3.5389E-05
325.64	1.6658E-04
325.85	-1.2618E-04
326.06	2.1132E-04
326.27	7.0311E-05
326.48	6.0227E-05
326.69	-1.6985E-04
326.91	-2.2483E-04
327.12	3.4927E-05
327.33	8.4761E-05
327.54	-2.9726E-05
327.75	-5.4400E-05
327.96	5.4357E-05
328.18	1.9836E-04
328.39	-7.4684E-05
328.60	5.4811E-05
328.81	2.7431E-04
329.02	-1.7957E-04
329.23	1.3952E-04
329.44	2.1898E-04
329.66	4.9725E-05
329.87	2.6809E-04
330.08	9.9126E-06
330.29	-3.9620E-05
330.50	-1.6783E-04
330.71	-1.1327E-04
330.92	2.4566E-05
331.14	1.7189E-04
331.35	-2.5559E-04
331.56	3.6796E-04
331.77	-4.9064E-06
331.98	-2.7068E-04
332.19	1.2309E-04
332.40	1.4780E-04
332.62	1.6746E-04
332.83	2.9548E-05
333.04	1.0827E-04
333.25	1.3834E-04
333.46	9.3952E-05
333.67	2.4798E-05
333.88	2.5388E-04
334.09	-3.4990E-05
334.30	-2.9317E-05
334.52	6.8641E-05
334.73	-9.8747E-06
334.94	-2.0836E-04
335.15	2.3917E-04
335.36	5.4949E-05
335.57	3.0513E-04
335.78	-9.5003E-05
335.99	2.4918E-05
336.20	-3.6661E-04
336.42	6.8924E-05
336.63	-1.9561E-04
336.84	5.9740E-05
337.05	-3.4504E-05
337.26	7.3611E-05
337.47	-6.3428E-05
337.68	0.0000E00
337.89	-8.7296E-05
338.10	-2.6416E-04
338.31	8.1434E-05
338.53	3.3444E-05
338.74	2.0961E-04
338.95	2.6187E-04
339.16	3.1929E-04
339.37	-1.0947E-04
339.58	3.7993E-05
339.79	8.5242E-05
340.00	-4.7310E-06
340.21	-2.1170E-04
340.42	-1.9346E-04
340.63	6.5604E-05
340.84	-3.7763E-04
341.06	4.6409E-06
341.27	2.4840E-04
341.48	4.5688E-05
341.69	1.8599E-04
341.90	-1.1693E-04
342.11	2.3726E-04
342.32	3.1176E-05
342.53	-4.8910E-05
342.74	0.0000E00
342.95	1.0208E-04
343.16	-8.4429E-05
343.37	-1.4676E-04
343.58	1.2505E-04
343.79	2.6861E-05
344.00	1.2157E-04
344.21	-1.6748E-04
344.43	-1.3653E-05
344.64	1.4639E-04
344.85	1.7873E-04
345.06	2.8001E-04
345.27	-6.8935E-05
345.48	-1.1040E-04
345.69	-4.6258E-05
345.90	2.2186E-04
346.11	-5.9957E-05
346.32	4.5803E-05
346.53	3.6519E-05
346.74	4.5553E-06
346.95	8.1753E-05
347.16	1.5830E-04
347.37	-9.4849E-05
347.58	-1.2631E-04
347.79	1.8861E-04
348.00	-1.3837E-04
348.21	-1.2015E-04
348.42	-8.4500E-05
348.63	-7.1226E-05
348.84	4.4498E-06
349.05	1.1091E-04
349.26	-6.6459E-05
349.47	8.8626E-06
349.68	7.9766E-05
349.89	-9.3100E-05
350.10	-2.7095E-04
350.31	-3.9974E-05
350.52	-1.1148E-04
350.74	1.3376E-05
350.95	-1.4279E-04
351.16	-1.2465E-04
351.37	2.4016E-04
351.58	1.7722E-05
351.79	-3.5025E-04
352.00	1.6868E-04
352.21	2.9215E-04
352.42	4.8571E-05
352.63	1.0603E-04
352.84	3.9713E-05
353.05	-1.3239E-05
353.26	2.2013E-05
353.47	5.2902E-05
353.68	-7.9588E-05
353.89	3.0547E-04
354.10	-1.1944E-04
354.31	1.4542E-04
354.52	8.7856E-06
354.73	-1.6223E-04
354.93	1.3566E-04
355.14	1.2223E-04
355.35	-4.3410E-05
355.56	4.0412E-04
355.77	6.5109E-05
355.98	1.4265E-04
356.19	-1.0367E-04
356.40	-1.2923E-05
356.61	1.3796E-04
356.82	2.5936E-05
357.03	-1.1259E-04
357.24	-3.5368E-04
357.45	1.2897E-05
357.66	-2.1570E-04
357.87	4.7316E-05
358.08	7.3170E-05
358.29	4.3077E-06
358.50	1.8972E-04
358.71	9.0749E-05
358.92	-1.6838E-04
359.13	1.5100E-04
359.34	1.6406E-04
359.55	1.1224E-04
359.76	2.3300E-04
359.97	6.4515E-05
360.18	-8.6093E-06
360.39	3.0030E-05
360.60	4.4898E-04
360.81	-9.8135E-05
361.02	4.2642E-05
361.22	-1.1524E-04
361.43	2.3034E-04
361.64	1.2743E-05
361.85	1.9535E-04
362.06	-5.5371E-05
362.27	0.0000E00
362.48	-2.1229E-05
362.69	-2.1203E-04
362.90	2.0016E-04
363.11	1.4894E-04
363.32	-5.9453E-05
363.53	-4.2338E-05
363.74	-1.3946E-04
363.95	-1.2222E-04
364.16	1.1386E-04
364.37	2.1073E-05
364.57	-9.7127E-05
364.78	0.0000E00
364.99	-8.0602E-05
365.20	7.6427E-05
365.41	-1.5736E-04
365.62	1.0624E-04
365.83	-5.9476E-05
366.04	-8.0525E-05
366.25	5.5018E-05
366.46	2.1168E-05
366.67	-1.0564E-04
366.88	-1.0589E-04
367.08	-1.3932E-04
367.29	1.7231E-04
367.50	1.3002E-04
367.71	-2.0926E-04
367.92	1.0063E-04
368.13	-1.5501E-04
368.34	1.5921E-04
368.55	-4.1777E-06
368.76	1.7914E-04
368.97	-2.0795E-04
369.17	0.0000E00
369.38	-4.1602E-06
369.59	-1.0023E-04
369.80	-3.7551E-05
370.01	-3.7623E-05
370.22	-1.5054E-04
370.43	-1.3421E-04
370.64	-1.6872E-05
370.85	1.8710E-04
371.05	-1.2802E-05
371.26	-2.5624E-05
371.47	1.4467E-04
371.68	6.7923E-05
371.89	1.6969E-05
372.10	-2.6338E-04
372.31	1.3184E-04
372.52	-2.9405E-04
372.72	1.6218E-04
372.93	1.3623E-04
373.14	1.7447E-04
373.35	8.4958E-06
373.56	-1.6953E-05
373.77	2.1124E-05
373.98	-7.6189E-05
374.19	-5.9232E-05
374.39	2.1110E-05
374.60	4.2012E-05
374.81	-3.3660E-05
375.02	-1.8034E-04
375.23	-7.9936E-05
375.44	-3.3684E-05
375.65	-2.1024E-05
375.85	-1.4324E-04
376.06	7.5878E-05
376.27	1.2636E-05
376.48	-7.5934E-05
376.69	5.0800E-05
376.90	-2.3349E-04
377.10	7.1988E-05
377.31	1.1900E-04
377.52	4.1933E-04
377.73	-2.0325E-04
377.94	1.1879E-04
378.15	2.0367E-04
378.36	1.6960E-05
378.56	2.3704E-04
378.77	7.5994E-05
378.98	-1.6833E-05
379.19	-1.5143E-04
379.40	5.8801E-05
379.61	5.0258E-05
379.81	2.0974E-05
380.02	2.3468E-04
380.23	0.0000E00
380.44	1.2128E-04
380.65	-1.4228E-04
380.85	-1.3450E-04
381.06	-3.0306E-04
381.27	1.6025E-04
381.48	8.4433E-05
381.69	3.7951E-05
381.90	-3.0348E-04
382.10	-1.6830E-05
382.31	-1.0482E-04
382.52	-8.3690E-05
382.73	5.4492E-05
382.94	-3.3521E-05
383.14	-5.0005E-05
383.35	1.0833E-04
383.56	3.3377E-05
383.77	-1.6657E-05
383.98	-3.1639E-04
384.18	-8.3244E-05
384.39	4.1610E-06
384.60	1.9165E-04
384.81	-1.3313E-04
385.02	-1.1626E-04
385.22	7.4962E-05
385.43	1.5018E-04
385.64	1.2106E-04
385.85	-1.3345E-04
386.06	9.9917E-05
386.26	2.8722E-04
386.47	-1.9142E-04
386.68	-4.9967E-05
386.89	-1.4120E-04
387.09	-2.3234E-04
387.30	-8.6416E-05
387.51	-1.7560E-04
387.72	0.0000E00
387.93	1.0972E-04
388.13	2.4246E-04
388.34	-2.1021E-04
388.55	-8.8547E-05
388.76	-1.4460E-04
388.96	-2.2023E-04
389.17	-1.3658E-04
389.38	-1.2832E-04
389.59	-1.7396E-04
389.79	-8.1511E-05
390.00	1.6318E-05
390.21	-3.4134E-04
390.42	-1.7425E-04
390.62	-1.6686E-05
390.83	-7.5586E-05
391.04	4.2108E-05
391.25	-1.3498E-04
391.45	1.2621E-05
391.66	5.8804E-05
391.87	-7.0794E-05
392.08	-1.0338E-04
392.28	-1.3174E-04
392.49	-2.0360E-04
392.70	-2.6210E-04
392.91	2.2415E-04
393.11	-2.1114E-04
393.32	1.4330E-04
393.53	-4.3633E-05
393.74	3.1768E-05
393.94	-1.7516E-04
394.15	2.4067E-04
394.36	7.2243E-05
394.57	-3.2370E-05
394.77	2.1224E-04
394.98	2.4615E-05
395.19	-9.8825E-05
395.39	1.0310E-04
395.60	-1.6493E-04
395.81	9.9094E-05
396.02	-4.1174E-06
396.22	-1.8116E-04
396.43	-2.0995E-04
396.64	2.8873E-04
396.84	-9.0339E-05
397.05	-1.1871E-04
397.26	-3.1816E-04
397.47	-1.6207E-05
397.67	-2.1400E-04
397.88	-2.3707E-04
398.09	-1.5600E-04
398.29	-6.7629E-05
398.50	-1.5901E-04
398.71	-2.0179E-04
398.92	-7.9131E-06
399.12	-1.7354E-04
399.33	-1.2588E-04
399.54	3.1606E-05
399.74	4.7681E-05
399.95	-2.0309E-04
400.16	5.5674E-05
400.36	-3.1793E-05
400.57	-2.2210E-04
400.78	-1.1122E-04
400.98	-1.7890E-04
401.19	7.5514E-05
401.40	-8.7554E-05
401.60	5.5719E-05
401.81	-1.1130E-04
402.02	-2.3813E-05
402.23	2.5391E-04
402.43	-1.0721E-04
402.64	-8.3453E-05
402.85	7.9491E-06
403.05	8.3303E-05
403.26	-9.5048E-05
403.47	-1.9783E-05
403.67	-1.8989E-04
403.88	-4.3466E-05
404.09	-1.0278E-04
404.29	-1.9008E-04
404.50	8.3093E-05
404.71	-2.9277E-04
404.91	1.5820E-04
405.12	5.9338E-05
405.33	-7.9279E-06
405.53	-1.2303E-04
405.74	-2.5014E-04
405.94	5.5565E-05
406.15	1.3104E-04
406.36	-1.1510E-04
406.56	-2.3774E-04
406.77	8.7159E-05
406.98	-1.1885E-05
407.18	-3.9648E-06
407.39	-1.1901E-04
407.60	1.6626E-04
407.80	1.8580E-04
408.01	-8.3009E-05
408.22	-1.1831E-05
408.42	-1.1817E-05
408.63	2.3223E-04
408.83	1.2604E-04
409.04	1.9683E-04
409.25	-1.8889E-04
409.45	-1.0996E-04
409.66	-1.5709E-05
409.87	6.2752E-05
410.07	-1.6840E-04
410.28	8.6102E-05
410.49	-1.4082E-04
410.69	-3.9114E-05
410.90	-1.5623E-04
411.10	1.7973E-04
411.31	-8.2088E-05
411.52	3.9023E-05
411.72	1.9510E-05
411.93	1.4011E-04
412.13	3.8890E-06
412.34	7.7728E-06
412.55	4.2769E-05
412.75	-4.2821E-05
412.96	-2.8008E-04
413.16	-1.2458E-04
413.37	-3.1452E-04
413.58	-2.2884E-04
413.78	-1.2806E-04
413.99	-1.8621E-04
414.19	1.6295E-04
414.40	1.2424E-04
414.61	-1.2823E-04
414.81	5.4359E-05
415.02	-9.3044E-05
415.22	-2.7164E-05
415.43	-1.0094E-04
415.64	-1.7882E-04
415.84	-1.5932E-04
416.05	-2.0981E-04
416.25	-2.1369E-04
416.46	-2.9175E-04
416.67	5.8357E-05
416.87	6.6071E-05
417.08	1.5907E-04
417.28	-6.9813E-05
417.49	-1.1633E-04
417.69	-3.8743E-06
417.90	-1.4740E-04
418.11	1.0480E-04
418.31	-1.7474E-04
418.52	-1.5941E-04
418.72	-5.0504E-05
418.93	-8.1575E-05
419.13	-2.2157E-04
419.34	7.7795E-05
419.54	-1.5561E-04
419.75	1.3222E-04
419.96	0.0000E00
420.16	2.3298E-05
420.37	-4.6611E-05
420.57	-1.2428E-04
420.78	-8.1525E-05
420.98	-1.4754E-04
421.19	1.1656E-05
421.39	3.1087E-05
421.60	1.4778E-04
421.81	-1.2841E-04
422.01	-6.6172E-05
422.22	1.5564E-04
422.42	-6.2372E-05
422.63	-1.1690E-05
422.83	-2.1065E-04
423.04	1.9485E-05
423.24	1.6414E-04
423.45	1.2502E-04
423.65	-6.2534E-05
423.86	-1.8367E-04
424.06	-1.3679E-04
424.27	6.6499E-05
424.48	0.0000E00
424.68	1.7970E-04
424.89	-7.8166E-06
425.09	-2.8134E-04
425.30	4.3017E-05
425.50	-2.3399E-05
425.71	-3.9013E-06
425.91	-1.5989E-04
426.12	1.5591E-05
426.32	7.7903E-05
426.53	-2.6889E-04
426.73	1.4837E-04
426.94	-2.1433E-04
427.14	8.5655E-05
427.35	-1.6313E-04
427.55	-6.5885E-05
427.76	-8.9096E-05
427.96	8.5137E-05
428.17	1.1226E-04
428.37	6.5718E-05
428.58	-1.5089E-04
428.78	3.8607E-06
428.99	1.0410E-04
429.19	7.3333E-05
429.40	3.4756E-05
429.60	-1.2379E-04
429.81	-1.0445E-04
430.01	-1.5461E-04
430.22	-3.4771E-05
430.42	-5.4038E-05
430.63	-1.3137E-04
430.83	-3.8632E-06
431.04	1.5429E-05
431.24	-3.8523E-05
431.45	-2.4247E-04
431.65	-2.4226E-04
431.86	-6.1459E-05
432.06	-3.8437E-05
432.26	1.4979E-04
432.47	0.0000E00
432.67	-1.8370E-04
432.88	3.0606E-05
433.08	-1.4895E-04
433.29	-4.5805E-05
433.49	7.6372E-06
433.70	-2.0630E-04
433.90	-1.2964E-04
434.11	1.2560E-04
434.31	-1.5219E-04
434.52	3.4226E-05
434.72	-1.9390E-04
434.93	1.2534E-04
435.13	-7.5833E-06
435.33	-6.0616E-05
435.54	-7.5886E-06
435.74	-1.5136E-05
435.95	1.2085E-04
436.15	6.4138E-05
436.36	-3.2399E-04
436.56	-4.8877E-05
436.77	-7.5147E-05
436.97	-1.9527E-04
437.17	1.7263E-04
437.38	-2.1360E-04
437.58	7.1199E-05
437.79	4.4882E-05
437.99	-2.2442E-05
438.20	-6.3546E-05
438.40	-1.8698E-04
438.60	1.1219E-05
438.81	-3.7404E-05
439.01	2.1286E-04
439.22	-2.9915E-05
439.42	-1.8686E-05
439.63	-6.3537E-05
439.83	-1.9060E-04
440.03	3.3627E-05
440.24	3.7430E-05
440.44	8.9750E-05
440.65	9.3527E-05
440.85	1.1243E-04
441.05	-1.7592E-04
441.26	-1.9875E-04
441.46	-2.1742E-04
441.67	5.6272E-05
441.87	-1.1260E-05
442.08	-5.6279E-05
442.28	-3.7515E-05
442.48	-1.1231E-05
442.69	8.2294E-05
442.89	3.7367E-05
443.10	1.8678E-05
443.30	-2.8771E-04
443.50	-3.9919E-04
443.71	-3.7336E-06
443.91	1.4577E-04
444.11	0.0000E00
444.32	-2.3512E-04
444.52	-1.7147E-04
444.73	1.1558E-04
444.93	-3.7390E-06
445.13	-2.2446E-04
445.34	-1.7960E-04
445.54	4.1215E-05
445.75	-1.7268E-04
445.95	-1.7960E-04
446.15	-2.3169E-04
446.36	-1.9457E-04
446.56	4.1234E-05
446.76	-1.3142E-04
446.97	2.2550E-05
447.17	3.3724E-05
447.38	-2.9943E-05
447.58	-1.7201E-04
447.78	5.6064E-05
447.99	1.1204E-05
448.19	-6.7370E-05
448.39	-1.1975E-04
448.60	-1.8687E-05
448.80	1.7154E-04
449.00	6.3338E-05
449.21	-1.7500E-04
449.41	8.9506E-05
449.61	-2.3150E-04
449.82	-2.5000E-04
450.02	9.7033E-05
450.23	-1.7163E-04
450.43	4.4700E-05
450.63	-2.6095E-05
450.84	-2.4608E-04
451.04	-1.8678E-05
451.24	-4.8617E-05
451.45	5.2418E-05
451.65	2.6964E-04
451.85	1.5356E-04
452.06	-1.4998E-05
452.26	-4.4956E-05
452.46	-1.8733E-05
452.67	-4.5074E-05
452.87	-1.3902E-04
453.07	-3.7595E-05
453.28	-3.1543E-04
453.48	4.8733E-05
453.68	1.4997E-05
453.89	-1.8755E-04
454.09	-3.7511E-06
454.29	-1.6515E-04
454.49	-5.2550E-05
454.70	-1.5014E-04
454.90	-9.3701E-05
455.10	-2.6210E-05
455.31	-7.4954E-05
455.51	9.3891E-05
455.71	-1.9558E-04
455.92	1.5028E-05
456.12	1.0871E-04
456.32	-1.1236E-04
456.53	-2.3214E-04
456.73	8.9914E-05
456.93	-7.4891E-05
457.13	5.9963E-05
457.34	-5.6230E-05
457.54	-7.8728E-05
457.74	1.4969E-04
457.95	-8.9740E-05
458.15	8.2200E-05
458.35	-1.8721E-04
458.56	1.7241E-04
458.76	-1.9472E-04
458.96	-2.3952E-04
459.16	1.0113E-04
459.37	5.6155E-05
459.57	2.6177E-05
459.77	5.9673E-05
459.97	4.4680E-05
460.18	-4.8378E-05
460.38	4.4633E-05
460.58	-4.4526E-05
460.79	7.4070E-06
460.99	3.7044E-05
461.19	3.3256E-05
461.39	-7.3814E-06
461.60	-3.6788E-05
461.80	-2.6120E-04
462.00	-1.1026E-05
462.20	-1.3233E-04
462.41	1.7244E-04
462.61	-1.2831E-04
462.81	-8.0613E-05
463.01	-5.1190E-05
463.22	-9.4820E-05
463.42	6.5545E-05
463.62	-2.1431E-04
463.82	1.8142E-05
464.03	-3.9845E-05
464.23	-2.4269E-04
464.43	-1.2661E-04
464.63	-9.3944E-05
464.84	-1.0104E-04
465.04	-2.0180E-04
465.24	1.6911E-04
465.44	-1.9368E-04
465.65	3.2308E-05
465.85	-4.3056E-05
466.05	7.1698E-05
466.25	-1.7168E-04
466.46	-1.1066E-04
466.66	-1.2111E-04
466.86	5.6920E-05
467.06	-2.4846E-04
467.26	-1.6308E-04
467.47	-1.5927E-04
467.67	-2.6542E-04
467.87	-8.4741E-05
468.07	-9.5080E-05
468.28	-2.0729E-04
468.48	-4.5574E-05
468.68	-2.3071E-04
468.88	-2.7892E-05
469.08	-1.0768E-04
469.29	-2.1164E-04
469.49	-5.8788E-05
469.69	-5.8704E-05
469.89	-6.8821E-06
470.09	-1.4056E-04
470.30	-1.6760E-04
470.50	-1.2981E-04
470.70	-5.1094E-05
470.90	-1.0210E-05
471.10	-7.4549E-05
471.31	1.2158E-04
471.51	1.6824E-05
471.71	8.0482E-05
471.91	3.3442E-06
472.11	-1.4349E-04
472.32	-8.6490E-05
472.52	-1.9882E-04
472.72	-2.4423E-04
472.92	6.2529E-05
473.12	2.9524E-05
473.33	-2.9765E-04
473.53	3.9114E-05
473.73	-1.8542E-04
473.93	-6.8100E-05
474.13	5.1657E-05
474.33	-4.8233E-05
474.54	-1.9236E-04
474.74	-6.3894E-06
474.94	1.7819E-04
475.14	-3.8098E-05
475.34	-3.1615E-05
475.54	-6.3095E-05
475.75	-1.0386E-04
475.95	3.1336E-05
476.15	-1.6890E-04
476.35	-2.0251E-04
476.55	5.6045E-05
476.75	-1.0565E-04
476.96	-1.1454E-04
477.16	2.1277E-04
477.36	-1.4412E-04
477.56	5.7843E-05
477.76	-1.1834E-04
477.96	1.6004E-04
478.16	-1.2037E-04
478.37	5.9900E-06
478.57	5.9747E-05
478.77	-2.3765E-05
478.97	-3.8457E-05
479.17	2.5328E-04
479.37	-1.4361E-04
479.57	1.0529E-04
479.78	-1.0540E-04
479.98	-8.1743E-05
480.18	-3.2032E-05
480.38	5.8005E-05
480.58	9.8136E-05
480.78	5.1599E-05
480.98	3.4252E-05
481.18	1.2498E-04
481.39	1.1336E-04
481.59	4.8127E-05
481.79	-6.4719E-05
481.99	1.1768E-04
482.19	-2.0078E-04
482.39	-2.7710E-05
482.59	-8.2711E-06
482.79	-1.7801E-04
483.00	-5.1885E-05
483.20	1.0896E-05
483.40	8.9531E-05
483.60	-1.4586E-04
483.80	-7.2518E-05
484.00	1.3387E-05
484.20	-1.5958E-05
484.40	3.4425E-05
484.60	1.4536E-04
484.80	6.3034E-05
485.01	3.6758E-05
485.21	-3.9340E-05
485.41	1.0428E-05
485.61	1.0903E-04
485.81	3.6152E-05
486.01	-8.9871E-05
486.21	-2.2981E-05
486.41	-5.5998E-05
486.61	-8.8734E-05
486.81	-7.8214E-05
487.01	-3.7773E-05
487.22	1.0783E-04
487.42	-1.1734E-04
487.62	-4.7274E-05
487.82	-2.9759E-05
488.02	-5.1852E-05
488.22	-1.4548E-04
488.42	1.2313E-04
488.62	9.8131E-06
488.82	5.8572E-05
489.02	-1.7506E-04
489.22	1.2141E-04
489.42	-7.2571E-06
489.62	-4.3372E-05
489.82	-2.8834E-05
490.02	3.8335E-05
490.23	-1.6042E-04
490.43	-1.1934E-05
490.63	-6.9011E-05
490.83	9.4807E-06
491.03	-4.7322E-05
491.23	-4.7237E-06
491.43	2.1147E-05
491.63	-9.3759E-06
491.83	4.6670E-05
492.03	-1.1652E-04
492.23	7.6586E-05
492.43	-1.0164E-04
492.63	-3.6853E-05
492.83	-6.8942E-05
493.03	-8.9370E-05
493.23	-1.3474E-04
493.43	-7.7311E-05
493.63	-1.5001E-04
493.83	2.0360E-05
494.03	4.0673E-05
494.23	-4.0497E-05
494.43	-1.5734E-05
494.63	-1.0104E-04
494.83	-3.3604E-05
495.03	-1.3606E-04
495.23	-2.0282E-04
495.43	-1.8013E-04
495.63	-1.5566E-05
495.84	-4.2119E-05
496.04	-4.4316E-05
496.24	-4.8700E-05
496.44	-1.1280E-04
496.64	1.5437E-05
496.84	-1.7611E-04
497.04	2.1981E-05
497.24	-1.0776E-04
497.44	2.4127E-05
497.64	-1.6487E-04
497.84	-1.0536E-04
498.04	-1.2491E-04
498.24	-1.0075E-04
498.44	-1.3983E-04
498.64	-1.3086E-04
498.84	5.2350E-05
499.04	-1.5910E-04
499.24	-1.0672E-04
499.44	-1.3481E-04
499.64	1.4350E-04
499.84	-5.1977E-05
500.03	-4.3313E-06
500.23	-1.7322E-05
500.43	4.5427E-05
500.63	-4.5428E-05
500.83	8.2243E-05
501.03	-2.3794E-05
501.23	2.1623E-05
501.43	2.1609E-06
501.63	-1.5995E-04
501.83	2.1591E-06
502.03	-5.8366E-05
502.23	1.1873E-04
502.43	-7.3652E-05
502.63	8.0110E-05
502.83	1.7319E-05
503.03	-6.2674E-05
503.23	-1.2515E-04
503.43	-1.0131E-04
503.63	4.0915E-05
503.83	4.7308E-05
504.03	-5.8074E-05
504.23	-1.5046E-05
504.43	-6.0112E-05
504.63	2.1364E-05
504.83	-3.6277E-05
505.03	-6.6169E-05
505.23	-4.6897E-05
505.42	4.2611E-05
505.62	-1.9146E-05
505.82	4.4686E-05
506.02	-4.0395E-05
506.22	-6.5854E-05
506.42	-4.6690E-05
506.62	-1.2944E-04
506.82	1.0616E-05
507.02	-1.0181E-04
507.22	1.9049E-05
507.42	6.3523E-06
507.62	8.6788E-05
507.82	-2.1168E-06
508.02	-1.2684E-05
508.22	-8.4487E-06
508.41	3.8008E-05
508.61	1.0965E-04
508.81	2.1079E-05
509.01	-1.0516E-05
509.21	-2.1024E-05
509.41	1.8904E-05
509.61	-8.3914E-06
509.81	6.4997E-05
510.01	1.6772E-05
510.21	-9.0097E-05
510.41	-2.3042E-05
510.60	7.5308E-05
510.80	8.5740E-05
511.00	-4.5931E-05
511.20	-7.5082E-05
511.40	-2.0867E-05
511.60	-1.0438E-04
511.80	-1.0422E-04
512.00	-3.9561E-05
512.20	1.0811E-04
512.40	-2.7012E-05
512.59	-5.1918E-05
512.79	-2.0751E-06
512.99	-7.0426E-05
513.19	1.2424E-05
513.39	3.1031E-05
513.59	-2.8900E-05
513.79	1.4421E-05
513.99	-5.5599E-05
514.19	-8.0231E-05
514.38	8.8489E-05
514.58	7.1924E-05
514.78	-7.8099E-05
514.98	0.0000E00
515.18	-8.2101E-06
515.38	6.1525E-06
515.58	-1.0662E-04
515.77	-3.0730E-05
515.97	9.8234E-05
516.17	2.8654E-05
516.37	2.6602E-05
516.57	-1.2264E-05
516.77	-5.5172E-05
516.97	-9.7905E-05
517.16	3.4694E-05
517.36	-3.0573E-05
517.56	-2.0596E-04
517.76	8.1498E-06
517.96	3.2595E-05
518.16	4.6859E-05
518.36	1.2214E-05
518.55	-1.0375E-04
518.75	-7.7183E-05
518.95	-3.2471E-05
519.15	7.9106E-05
519.35	-1.8224E-05
519.55	1.4168E-05
519.74	1.0102E-05
519.94	8.8904E-05
520.14	-9.4975E-05
520.34	-2.6242E-05
520.54	1.2110E-05
520.74	-5.6469E-05
520.93	-1.8964E-04
521.13	8.6684E-05
521.33	-7.4657E-05
521.53	-2.2400E-04
521.73	7.2628E-05
521.93	-9.4836E-05
522.12	5.8518E-05
522.32	-7.4599E-05
522.52	-2.4200E-05
522.72	-1.2091E-05
522.92	-5.0381E-05
523.11	-3.4270E-05
523.31	-2.0155E-05
523.51	4.0262E-05
523.71	-1.1478E-04
523.91	-6.0390E-06
524.10	-9.2618E-05
524.30	-1.2677E-04
524.50	6.0328E-05
524.70	-5.2305E-05
524.90	3.6209E-05
525.09	-6.0332E-06
525.29	-2.0074E-06
525.49	-3.4155E-05
525.69	-4.2194E-05
525.89	2.0087E-06
526.08	7.8410E-05
526.28	-7.2366E-05
526.48	1.2066E-05
526.68	-1.8095E-05
526.87	-6.2324E-05
527.07	3.0166E-05
527.27	-4.0230E-06
527.47	-6.6422E-05
527.67	-9.6633E-05
527.86	-7.0369E-05
528.06	2.4131E-05
528.26	-7.8412E-05
528.46	-6.0318E-05
528.65	5.2321E-05
528.85	7.0409E-05
529.05	-1.1271E-04
529.25	1.5104E-04
529.44	-2.0125E-06
529.64	-2.2162E-05
529.84	-1.1072E-04
530.04	-8.0643E-05
530.23	-3.6260E-05
530.43	4.4312E-05
530.63	1.8119E-05
530.83	-5.4308E-05
531.02	-1.2489E-04
531.22	1.4091E-05
531.42	4.6280E-05
531.62	2.2140E-05
531.81	-3.6225E-05
532.01	-1.4298E-04
532.21	-2.2164E-05
532.41	-1.4713E-04
532.60	3.8324E-05
532.80	-1.2717E-04
533.00	-6.8621E-05
533.20	-3.2301E-05
533.39	-2.0195E-05
533.59	-4.6477E-05
533.79	1.0104E-04
533.99	1.8213E-05
534.18	-2.0223E-05
534.38	-4.6499E-05
534.58	-6.6799E-05
534.77	-8.6969E-05
534.97	-2.6321E-05
535.17	-8.3027E-05
535.37	5.6719E-05
535.56	-2.4326E-05
535.76	-6.8886E-05
535.96	-5.0701E-05
536.15	-6.2834E-05
536.35	-7.7083E-05
536.55	2.8386E-05
536.74	-3.8549E-05
536.94	-1.3409E-04
537.14	-8.9408E-05
537.34	-6.1014E-06
537.53	-1.1182E-04
537.73	-5.4913E-05
537.93	5.4952E-05
538.12	6.1125E-05
538.32	1.0190E-05
538.52	-1.0804E-04
538.71	-6.3320E-05
538.91	6.9438E-05
539.11	5.5135E-05
539.30	-5.3090E-05
539.50	1.0212E-04
539.70	4.2965E-05
539.90	-2.2502E-05
540.09	-3.8906E-05
540.29	-1.1663E-04
540.49	6.1382E-06
540.68	-5.7388E-05
540.88	-1.4346E-05
541.08	-6.1569E-05
541.27	-9.0330E-05
541.47	-1.2733E-04
541.67	-3.2877E-05
541.86	2.2613E-05
542.06	-3.9088E-05
542.26	-6.1709E-05
542.45	3.0908E-05
542.65	1.2380E-05
542.85	-8.2446E-06
543.04	1.4448E-05
543.24	2.2685E-05
543.43	1.2795E-04
543.63	-5.1616E-05
543.83	8.2648E-06
544.02	4.5458E-05
544.22	-9.3045E-05
544.42	1.8631E-05
544.61	3.3109E-05
544.81	2.0712E-05
545.01	-1.0580E-04
545.20	-3.7320E-05
545.40	-3.5335E-05
545.60	-5.8222E-05
545.79	8.1168E-05
545.99	-7.0876E-05
546.18	4.7949E-05
546.38	-5.2180E-05
546.58	-9.6052E-05
546.77	0.0000E00
546.97	1.0450E-05
547.17	-9.6240E-05
547.36	1.6743E-05
547.56	7.3201E-05
547.75	-4.1893E-06
547.95	1.6773E-05
548.15	2.0952E-06
548.34	1.0908E-04
548.54	-1.6772E-05
548.73	1.7420E-04
548.93	-8.8135E-05
549.13	1.0303E-04
549.32	7.9862E-05
549.52	3.7872E-05
549.71	9.4716E-05
549.91	1.4527E-04
550.11	1.1158E-04
550.30	1.4974E-04
550.50	9.9086E-05
550.69	3.1238E-04
550.89	1.8569E-04
551.09	1.9234E-04
551.28	3.6332E-04
551.48	4.3978E-04
551.67	5.1624E-04
551.87	8.9749E-04
552.07	7.6212E-04
552.26	1.1702E-03
552.46	1.8091E-03
552.65	1.6513E-03
552.85	2.0402E-03
553.04	2.6095E-03
553.24	2.8946E-03
553.44	3.3036E-03
553.63	4.0153E-03
553.83	4.2922E-03
554.02	4.7685E-03
554.22	5.6242E-03
554.41	5.5836E-03
554.61	6.6632E-03
554.81	6.9767E-03
555.00	8.1399E-03
555.20	8.1919E-03
555.39	8.4541E-03
555.59	9.0541E-03
555.78	9.4052E-03
555.98	9.4421E-03
556.17	1.0331E-02
556.37	1.0052E-02
556.56	1.0434E-02
556.76	1.1024E-02
556.96	1.0989E-02
557.15	1.1344E-02
557.35	1.1418E-02
557.54	1.1066E-02
557.74	1.1232E-02
557.93	1.1243E-02
558.13	1.1335E-02
558.32	1.1212E-02
558.52	1.1407E-02
558.71	1.1487E-02
558.91	1.1730E-02
559.10	1.1155E-02
559.30	1.1436E-02
559.49	1.1350E-02
559.69	1.1200E-02
559.89	1.1415E-02
560.08	1.1474E-02
560.28	1.0765E-02
560.47	1.0955E-02
560.67	1.1052E-02
560.86	1.1133E-02
561.06	1.0443E-02
561.25	1.0589E-02
561.45	1.0256E-02
561.64	9.8236E-03
561.84	9.6820E-03
562.03	9.2141E-03
562.23	9.2812E-03
562.42	8.9464E-03
562.62	8.1763E-03
562.81	7.7958E-03
563.01	7.3286E-03
563.20	7.3241E-03
563.40	6.2521E-03
563.59	6.1495E-03
563.79	5.3280E-03
563.98	5.4288E-03
564.18	4.5823E-03
564.37	3.9714E-03
564.57	3.6434E-03
564.76	3.4094E-03
564.95	3.0520E-03
565.15	2.8198E-03
565.34	2.3357E-03
565.54	2.0718E-03
565.73	2.1493E-03
565.93	1.6325E-03
566.12	1.4610E-03
566.32	1.2859E-03
566.51	1.1519E-03
566.71	8.5640E-04
566.90	6.7213E-04
567.10	6.3452E-04
567.29	3.9577E-04
567.49	4.3658E-04
567.68	3.4493E-04
567.87	3.3153E-04
568.07	3.3175E-04
568.26	1.4796E-04
568.46	2.5566E-04
568.65	1.4601E-04
568.85	7.6370E-05
569.04	5.8372E-05
569.24	1.0572E-04
569.43	1.9122E-04
569.62	5.1751E-05
569.82	2.5457E-04
570.01	1.0587E-04
570.21	-1.8036E-05
570.40	1.7596E-04
570.60	8.5825E-05
570.79	-6.1016E-05
570.99	-1.0854E-04
571.18	-1.3587E-05
571.37	9.7432E-05
571.57	6.1194E-05
571.76	5.4493E-05
571.96	4.5445E-06
572.15	1.5914E-05
572.34	-4.3224E-05
572.54	1.4579E-04
572.73	2.2804E-05
572.93	4.3339E-05
573.12	-2.7410E-05
573.32	-1.0964E-04
573.51	5.0284E-05
573.70	2.0580E-05
573.90	1.1439E-05
574.09	-8.7045E-05
574.29	2.7525E-05
574.48	-1.6068E-05
574.67	1.1489E-05
574.87	-4.3676E-05
575.06	1.6346E-04
575.26	-5.0657E-05
575.45	2.7663E-05
575.64	1.3846E-05
575.84	-5.7780E-05
576.03	-4.1633E-05
576.23	-8.5563E-05
576.42	1.2966E-04
576.61	9.9607E-05
576.81	-4.1718E-05
577.00	-1.1597E-05
577.19	2.4595E-04
577.39	-1.0213E-04
577.58	-4.6477E-06
577.78	1.3254E-04
577.97	-1.0927E-04
578.16	-1.5594E-04
578.36	-3.7285E-05
578.55	3.4934E-05
578.74	-1.3529E-04
578.94	6.3036E-05
579.13	2.5697E-05
579.32	-9.3534E-05
579.52	1.1706E-05
579.71	6.3233E-05
579.91	2.3428E-06
580.10	-5.8656E-05
580.29	-1.6441E-04
580.49	-2.5866E-05
580.68	-2.1877E-04
580.87	-2.5897E-05
581.07	-2.5911E-05
581.26	-4.9533E-05
581.45	-1.0146E-04
581.65	1.4176E-05
581.84	2.6035E-05
582.03	-8.7609E-05
582.23	-1.1852E-05
582.42	-5.4541E-05
582.61	-1.4939E-04
582.81	1.1418E-04
583.00	-2.6177E-05
583.19	3.5715E-05
583.39	-8.5785E-05
583.58	-9.0618E-05
583.77	1.9079E-05
583.97	-1.8134E-04
584.16	3.5849E-05
584.35	-5.7355E-05
584.55	-6.9364E-05
584.74	3.8313E-05
584.93	1.6767E-04
585.13	-2.6371E-05
585.32	-5.7549E-05
585.51	-4.7995E-06
585.71	-9.6130E-06
585.90	-6.4952E-05
586.09	-4.8138E-06
586.28	-1.9259E-05
586.48	-1.0846E-04
586.67	-1.5448E-04
586.86	-2.4157E-05
587.06	-1.6918E-05
587.25	3.8690E-05
587.44	4.3596E-05
587.64	-3.8784E-05
587.83	-1.0914E-04
588.02	-1.1414E-04
588.21	-6.8069E-05
588.41	5.1117E-05
588.60	-6.8255E-05
588.79	1.6341E-04
588.99	6.5862E-05
589.18	-6.3539E-05
589.37	9.7857E-06
589.56	-1.9593E-05
589.76	9.8026E-05
589.95	-1.0548E-04
590.14	2.4547E-06
590.33	1.0819E-04
590.53	-2.0658E-04
590.72	1.9693E-05
590.91	-4.4326E-05
591.11	-5.4306E-05
591.30	8.3846E-05
591.49	7.9046E-05
591.68	-2.9676E-05
591.88	6.6874E-05
592.07	1.3631E-04
592.26	-2.0096E-04
592.45	-7.9386E-05
592.65	4.9693E-06
592.84	-1.3677E-04
593.03	-1.1212E-04
593.22	-5.4835E-05
593.42	4.9909E-06
593.61	-4.7442E-05
593.80	-9.2404E-05
593.99	-3.5033E-05
594.19	7.7627E-05
594.38	-6.7657E-05
594.57	-5.0190E-05
594.76	-1.2552E-05
594.95	3.7705E-05
595.15	2.5163E-05
595.34	7.5485E-05
595.53	-5.5430E-05
595.72	-5.0449E-06
595.92	8.5908E-05
596.11	-2.7775E-05
596.30	-7.8449E-05
596.49	7.8538E-05
596.68	-4.8179E-05
596.88	-8.8837E-05
597.07	4.5737E-05
597.26	-5.8465E-05
597.45	7.1314E-05
597.65	-2.5482E-06
597.84	-8.1622E-05
598.03	2.5510E-06
598.22	0.0000E00
598.41	0.0000E00
598.61	6.6489E-05
598.80	1.5363E-05
598.99	-7.1780E-05
599.18	-1.2304E-04
599.37	3.5924E-05
599.57	4.3670E-05
599.76	-6.4298E-05
599.95	4.1182E-05
600.14	6.1888E-05
600.33	-2.8375E-05
600.52	-8.0090E-05
600.72	-3.3618E-05
600.91	4.6565E-05
601.10	5.6995E-05
601.29	-1.8159E-05
601.48	5.1916E-06
601.68	-1.8188E-05
601.87	-1.1190E-04
602.06	2.8645E-05
602.25	-2.8666E-05
602.44	7.8320E-06
602.63	1.2526E-04
602.83	-1.4904E-04
603.02	-2.1465E-04
603.21	0.0000E00
603.40	1.5715E-05
603.59	-3.1487E-05
603.78	-1.3399E-04
603.98	-2.1819E-04
604.17	-9.9980E-05
604.36	-2.6334E-06
604.55	-5.2685E-05
604.74	-6.6000E-05
604.93	2.3754E-05
605.12	-1.3480E-04
605.32	-1.0313E-04
605.51	-1.0604E-04
605.70	4.2474E-05
605.89	-7.1646E-05
606.08	-1.3829E-04
606.27	-9.8495E-05
606.46	-1.0658E-05
606.66	-4.8034E-05
606.85	7.2054E-05
607.04	5.3454E-06
607.23	-5.0843E-05
607.42	-8.5786E-05
607.61	-1.3413E-05
607.80	5.3646E-06
607.99	-5.6444E-05
608.19	7.7974E-05
608.38	-1.2381E-04
608.57	0.0000E00
608.76	1.8878E-05
608.95	-2.7019E-06
609.14	7.5668E-05
609.33	6.2242E-05
609.52	-7.0451E-05
609.71	4.0699E-05
609.91	-7.3305E-05
610.10	7.6109E-05
610.29	-1.9602E-04
610.48	9.5336E-05
610.67	-3.0013E-05
610.86	-2.7343E-05
611.05	1.6399E-05
611.24	7.1252E-05
611.43	-1.7848E-04
611.62	-2.9370E-04
611.82	-1.8410E-04
612.01	7.4384E-05
612.20	-6.3424E-05
612.39	-1.9879E-04
612.58	1.1059E-04
612.77	-8.3102E-06
612.96	-1.3854E-04
613.15	-5.8399E-05
613.34	8.9057E-05
613.53	-2.7823E-05
613.72	-1.4248E-04
613.91	8.1135E-05
614.10	-4.4819E-05
614.30	-8.4238E-05
614.49	-5.3444E-05
614.68	-1.2980E-04
614.87	-1.8919E-04
615.06	5.6654E-06
615.25	-1.8440E-04
615.44	-4.8331E-05
615.63	2.8505E-06
615.82	9.4167E-05
616.01	-2.8601E-06
616.20	9.1715E-05
616.39	2.8696E-05
616.58	-8.3346E-05
616.77	1.0649E-04
616.96	0.0000E00
617.15	1.7316E-05
617.34	-1.4739E-04
617.53	-2.1704E-04
617.72	-2.3182E-05
617.92	-1.7403E-04
618.11	4.9428E-05
618.30	1.7462E-05
618.49	1.7202E-04
618.68	-1.6329E-04
618.87	-7.5940E-05
619.06	-1.7839E-04
619.25	1.1999E-04
619.44	6.1527E-05
619.63	-9.9733E-05
619.82	-1.9673E-04
620.01	-1.5866E-04
620.20	-1.4103E-04
620.39	-3.2344E-05
620.58	9.7048E-05
620.77	1.3551E-04
620.96	-1.7368E-04
621.15	1.7676E-05
621.34	-1.3252E-04
621.53	0.0000E00
621.72	5.0060E-05
621.91	-1.2363E-04
622.10	2.0628E-05
622.29	-7.0660E-05
622.48	2.9429E-05
622.67	7.3581E-05
622.86	1.2063E-04
623.05	-1.5308E-04
623.24	-1.2352E-04
623.43	-8.8250E-06
623.62	-2.2078E-04
623.81	-1.1469E-04
624.00	-9.4123E-05
624.19	9.1074E-05
624.38	4.1127E-05
624.57	1.1161E-04
624.76	-7.3446E-05
624.95	-6.4544E-05
625.14	-1.7590E-05
625.33	-4.3971E-05
625.52	-4.9811E-05
625.71	-7.9052E-05
625.90	-1.7270E-04
626.09	-1.1410E-04
626.27	3.2149E-05
626.46	1.6649E-04
626.65	-1.1673E-05
626.84	-2.5065E-04
627.03	1.7782E-04
627.22	-2.9133E-05
627.41	-5.5293E-05
627.60	-1.3387E-04
627.79	-8.4239E-05
627.98	1.5400E-04
628.17	1.4508E-05
628.36	2.3208E-05
628.55	8.7050E-06
628.74	-2.8999E-05
628.93	-9.8578E-05
629.12	-6.9575E-05
629.31	-1.1598E-05
629.50	-8.1126E-05
629.69	4.3449E-05
629.88	9.5614E-05
630.06	-2.8950E-05
630.25	-1.1580E-04
630.44	1.0421E-04
630.63	-8.6768E-05
630.82	7.8111E-05
631.01	-8.9677E-05
631.20	5.7828E-05
631.39	-1.2134E-04
631.58	-1.1848E-04
631.77	1.4441E-05
631.96	-4.3334E-05
632.15	3.4674E-05
632.33	-6.6459E-05
632.52	-8.9615E-05
632.71	9.2546E-05
632.90	-5.4963E-05
633.09	-8.6817E-05
633.28	8.3936E-05
633.47	-1.4471E-04
633.66	4.0561E-05
633.85	-2.0296E-05
634.04	1.1886E-04
634.23	-1.4504E-04
634.41	-8.9969E-05
634.60	-1.0741E-04
634.79	-5.8074E-05
634.98	1.1907E-04
635.17	-8.4289E-05
635.36	-7.5587E-05
635.55	4.3638E-05
635.74	-1.1648E-05
635.92	-2.7659E-04
636.11	1.4281E-04
636.30	-1.4289E-04
636.49	-1.4590E-04
636.68	6.4235E-05
636.87	-2.3390E-05
637.06	-1.5217E-04
637.25	-6.1466E-05
637.43	-1.2018E-04
637.62	1.7903E-04
637.81	4.6975E-05
638.00	1.8825E-04
638.19	3.8238E-05
638.38	-2.3561E-04
638.57	-2.4765E-04
638.75	3.5397E-05
638.94	6.4920E-05
639.13	-5.9128E-06
639.32	-2.6037E-04
639.51	-7.6987E-05
639.70	7.7048E-05
639.89	-1.3940E-04
640.07	-1.3952E-04
640.26	-1.4275E-04
640.45	1.2202E-04
640.64	7.4474E-05
640.83	6.2631E-05
641.02	-4.4779E-05
641.20	1.7934E-05
641.39	-1.1070E-04
641.58	-1.4080E-04
641.77	-1.0499E-04
641.96	-1.4705E-04
642.15	-9.9145E-05
642.33	2.2832E-04
642.52	0.0000E00
642.71	-1.4445E-04
642.90	-5.1252E-05
643.09	-1.0262E-04
643.28	5.4357E-05
643.46	-9.6673E-05
643.65	1.2103E-04
643.84	9.6918E-05
644.03	-1.4250E-04
644.22	3.0339E-06
644.40	-1.2773E-04
644.59	-4.8621E-05
644.78	1.9509E-04
644.97	1.0676E-04
645.16	-9.7734E-05
645.34	-9.4690E-05
645.53	6.1232E-06
645.72	-1.1640E-04
645.91	5.2117E-05
646.10	-1.5363E-04
646.28	-1.2301E-04
646.47	3.9987E-05
646.66	-1.0165E-04
646.85	-2.1288E-04
647.03	1.5750E-04
647.22	-8.0401E-05
647.41	-3.0970E-05
647.60	-1.3324E-04
647.79	6.8214E-05
647.97	-6.8295E-05
648.16	-6.5253E-05
648.35	-1.0267E-04
648.54	1.6817E-04
648.72	-8.4251E-05
648.91	-1.2181E-04
649.10	-1.9063E-04
649.29	-1.7507E-04
649.47	-9.3888E-06
649.66	1.5667E-05
649.85	6.9044E-05
650.04	-8.1699E-05
650.23	0.0000E00
650.41	-1.1959E-04
650.60	-1.1987E-04
650.79	-1.5455E-04
650.98	-1.2302E-04
651.16	1.1379E-04
651.35	3.1655E-06
651.54	-1.1729E-04
651.72	2.5378E-05
651.91	7.6243E-05
652.10	-2.2885E-04
652.29	-9.5482E-05
652.47	-5.4180E-05
652.66	5.1040E-05
652.85	2.3000E-04
653.04	-1.9207E-04
653.22	-3.5243E-05
653.41	-9.9490E-05
653.60	7.7064E-05
653.79	5.1454E-05
653.97	-9.6569E-05
654.16	-9.6751E-06
654.35	-8.0648E-05
654.53	-1.8102E-04
654.72	-2.3294E-04
654.91	2.9158E-05
655.10	-8.1045E-05
655.28	-1.6232E-04
655.47	5.1970E-05
655.66	-1.6273E-04
655.84	-1.6949E-04
656.03	1.4024E-04
656.22	-8.8245E-05
656.40	-2.8173E-04
656.59	-6.2258E-05
656.78	-2.1002E-04
656.97	-5.9149E-05
657.15	3.2911E-06
657.34	-1.5492E-04
657.53	3.6320E-05
657.71	0.0000E00
657.90	-2.1504E-04
658.09	-9.9473E-06
658.27	2.8196E-04
658.46	-2.3228E-05
658.65	-1.1309E-04
658.83	-1.4319E-04
659.02	-1.3345E-04
659.21	-1.7021E-04
659.39	-3.3429E-05
659.58	-5.6895E-05
659.77	8.3732E-05
659.95	6.7039E-06
660.14	1.3762E-04
660.33	-3.3611E-06
660.51	-3.3667E-05
660.70	8.7563E-05
660.89	6.4040E-05
661.07	-4.0485E-05
661.26	1.8926E-04
661.45	-1.6907E-05
661.63	-1.5231E-04
661.82	7.7972E-05
662.01	5.4331E-05
662.19	-6.7880E-06
662.38	-2.0735E-04
662.57	-8.8551E-05
662.75	2.3855E-05
662.94	-1.3652E-04
663.12	2.3918E-05
663.31	-2.0864E-04
663.50	-3.4230E-06
663.68	-5.1423E-05
663.87	6.8620E-06
664.06	2.7477E-05
664.24	-1.9283E-04
664.43	-2.0671E-04
664.61	-8.2780E-05
664.80	1.4853E-04
664.99	1.3141E-04
665.17	1.3163E-04
665.36	1.0401E-04
665.55	6.9440E-05
665.73	-1.0083E-04
665.92	-1.0100E-04
666.10	-9.4156E-05
666.29	-1.5017E-04
666.48	4.2004E-05
666.66	7.6989E-05
666.85	1.1572E-04
667.03	-1.7558E-05
667.22	-1.3707E-04
667.41	-1.0558E-04
667.59	-7.4009E-05
667.78	-5.6428E-05
667.96	-2.5799E-04
668.15	-2.5811E-04
668.34	1.8046E-04
668.52	-1.0626E-04
668.71	7.0952E-05
668.89	-1.9531E-04
669.08	7.1091E-06
669.27	4.9827E-05
669.45	-6.7793E-05
669.64	-1.0717E-04
669.82	1.3953E-04
670.01	-1.9691E-04
670.19	1.9016E-04
670.38	6.4672E-05
670.57	-1.3304E-04
670.75	3.6013E-06
670.94	-5.0494E-05
671.12	-1.8065E-05
671.31	-5.4245E-05
671.49	1.0491E-04
671.68	-7.2470E-06
671.86	-1.7767E-04
672.05	-1.4884E-04
672.24	-2.9065E-05
672.42	6.1863E-05
672.61	-4.0078E-05
672.79	-2.5545E-05
672.98	8.0409E-05
673.16	-1.1711E-04
673.35	-1.8329E-04
673.53	-6.6065E-05
673.72	-1.1752E-04
673.90	1.8399E-05
674.09	1.0319E-04
674.28	6.2689E-05
674.46	7.7577E-05
674.65	7.3991E-06
674.83	6.6659E-05
675.02	-4.4474E-05
675.20	-2.9693E-05
675.39	2.9738E-05
675.57	-4.0948E-05
675.76	-1.8272E-04
675.94	1.5682E-04
676.13	-1.5693E-04
676.31	-2.0228E-04
676.50	-1.8744E-04
676.68	4.5043E-05
676.87	-1.4646E-04
677.05	-6.3998E-05
677.24	-1.1682E-04
677.42	1.3949E-04
677.61	-1.9636E-04
677.79	-9.0713E-05
677.98	-1.1743E-04
678.16	2.0490E-04
678.35	-3.7993E-06
678.53	-4.5646E-05
678.72	-1.7518E-04
678.90	-8.7844E-05
679.09	-1.2611E-04
679.27	1.1483E-04
679.46	-3.2971E-04
679.64	-2.8036E-04
679.83	1.9617E-04
680.01	8.4720E-05
680.20	2.6973E-05
680.38	-5.0179E-05
680.57	-1.0820E-04
680.75	-1.0071E-04
680.94	-1.6673E-04
681.12	-5.8194E-05
681.31	1.0495E-04
681.49	-1.7912E-04
681.68	-7.4080E-05
681.86	-1.6017E-04
682.04	-1.5643E-04
682.23	-8.6266E-05
682.41	-1.5324E-04
682.60	-1.1805E-05
682.78	4.7250E-05
682.97	-1.9715E-04
683.15	-3.5586E-05
683.34	6.3345E-05
683.52	-7.5302E-05
683.71	9.5274E-05
683.89	6.7597E-05
684.07	-3.1853E-05
684.26	1.0367E-04
684.44	-1.6766E-04
684.63	-2.4009E-05
684.81	-4.0076E-06
685.00	8.0317E-05
685.18	-2.0505E-04
685.37	-2.0139E-05
685.55	-4.4397E-05
685.73	1.3737E-04
685.92	1.9444E-04
686.10	-5.6756E-05
686.29	1.4223E-04
686.47	-3.2552E-05
686.65	1.0183E-04
686.84	-7.3459E-05
687.02	4.4962E-05
687.21	-5.7342E-05
687.39	-2.4608E-04
687.58	1.2740E-04
687.76	-1.3582E-04
687.94	-4.5338E-05
688.13	-1.3638E-04
688.31	-2.0673E-04
688.50	-2.9015E-05
688.68	-5.8146E-05
688.86	-3.7446E-05
689.05	-1.2508E-04
689.23	-2.2125E-04
689.42	-7.5214E-05
689.60	-1.5494E-04
689.78	-1.3018E-04
689.97	1.1344E-04
690.15	-2.3161E-04
690.34	1.8140E-04
690.52	2.5333E-04
690.70	-9.7298E-05
690.89	2.9660E-05
691.07	-6.3650E-05
691.25	6.3804E-05
691.44	8.5228E-06
691.62	1.5357E-04
691.81	-9.8261E-05
691.99	-5.5661E-05
692.17	1.1154E-04
692.36	-1.7625E-04
692.54	4.3082E-05
692.72	-2.4588E-04
692.91	1.8601E-04
693.09	-2.9888E-04
693.27	1.1703E-04
693.46	-7.3879E-05
693.64	-2.5686E-04
693.83	6.9815E-05
694.01	4.8082E-05
694.19	-7.8722E-05
694.38	-1.4022E-04
694.56	-1.3606E-04
694.74	-4.4001E-05
694.93	1.0570E-04
695.11	-3.9737E-05
695.29	-2.4790E-04
695.48	-2.2602E-04
695.66	-1.1994E-04
695.84	-8.0002E-05
696.03	-1.3359E-05
696.21	-9.8172E-05
696.39	1.6099E-04
696.58	-1.1193E-04
696.76	-9.4191E-05
696.94	-1.5267E-04
697.13	1.0341E-04
697.31	-2.6118E-04
697.49	-7.2232E-05
697.68	-1.2660E-04
697.86	5.8880E-05
698.04	1.4530E-04
698.22	1.4103E-04
698.41	-9.1162E-05
698.59	-9.1334E-06
698.77	-2.5612E-04
698.96	1.1006E-04
699.14	3.6770E-05
699.32	-1.9345E-04
699.51	-2.1692E-04
699.69	0.0000E00
699.87	-2.6902E-04
700.06	-1.1148E-04
700.24	-3.2585E-05
700.42	4.6616E-05
700.60	-7.4791E-05
700.79	-4.2185E-05
700.97	1.5978E-04
701.15	-3.0110E-04
701.34	1.4150E-05
701.52	-2.5514E-04
701.70	2.3661E-05
701.88	-4.4993E-04
702.07	-3.0400E-04
702.25	4.7568E-06
702.43	-2.6214E-04
702.61	-4.7759E-05
702.80	-1.8643E-04
702.98	-1.7253E-04
703.16	6.7233E-05
703.34	9.6212E-06
703.53	9.1505E-05
703.71	-2.3196E-04
703.89	-4.8474E-04
704.08	-1.3101E-04
704.26	-6.3231E-05
704.44	-9.7522E-05
704.62	-1.9536E-05
704.81	4.8967E-05
704.99	-2.3526E-04
705.17	5.9009E-05
705.35	0.0000E00
705.54	-2.3699E-04
705.72	-9.3903E-05
705.90	-1.5851E-04
706.08	6.9495E-05
706.26	1.5912E-04
706.45	1.2950E-04
706.63	-1.2973E-04
706.81	-2.2002E-04
706.99	3.5079E-05
707.18	8.0259E-05
707.36	1.4585E-04
707.54	-7.5603E-05
707.72	-3.0321E-05
707.90	-1.1122E-04
708.09	-2.0273E-05
708.27	-8.6384E-05
708.45	-2.4432E-04
708.63	3.5736E-05
708.82	-1.3811E-04
709.00	-1.6411E-04
709.18	1.6436E-04
709.36	1.0288E-05
709.54	2.0651E-04
709.73	-1.7055E-04
709.91	1.0370E-04
710.09	-1.7658E-04
710.27	-4.9474E-04
710.45	1.0436E-05
710.64	3.3436E-04
710.82	-1.4662E-04
711.00	2.0470E-04
711.18	-1.3684E-04
711.36	-3.1113E-04
711.54	-1.2675E-04
711.73	3.7082E-04
711.91	2.2832E-04
712.09	-9.0474E-05
712.27	-1.1185E-04
712.45	3.2060E-05
712.64	-2.7324E-04
712.82	-5.3678E-05
713.00	-3.2255E-04
713.18	-3.5034E-04
713.36	-7.0224E-05
713.54	1.5149E-04
713.73	-1.1380E-04
713.91	9.7742E-05
714.09	-1.6331E-04
714.27	-4.5876E-04
714.45	-1.8607E-04
714.63	1.6450E-04
714.82	-1.9228E-04
715.00	-1.9284E-04
715.18	1.4365E-04
715.36	-1.4943E-04
715.54	-1.6640E-05
715.72	6.6768E-05
715.90	-1.2277E-04
716.09	7.2663E-05
716.27	5.6015E-06
716.45	6.1809E-05
716.63	-1.1263E-04
716.81	2.0899E-04
716.99	-5.6602E-05
717.17	-1.8148E-04
717.35	-3.1294E-04
717.54	0.0000E00
717.72	0.0000E00
717.90	-1.4320E-04
718.08	-1.4945E-04
718.26	-6.3410E-05
718.44	-9.2436E-05
718.62	-4.6359E-04
718.80	-2.8475E-04
718.99	-4.0770E-05
719.17	4.6741E-05
719.35	-1.0555E-04
719.53	3.5278E-05
719.71	-5.0692E-04
719.89	-2.1880E-04
720.07	-2.9659E-04
720.25	2.0812E-04
720.43	2.4470E-04
720.61	-2.9911E-05
720.80	-1.4410E-04
720.98	-3.0119E-05
721.16	-4.8319E-05
721.34	1.8155E-04
721.52	1.5798E-04
721.70	2.9252E-04
721.88	-1.7132E-04
722.06	-3.6797E-05
722.24	-2.1542E-04
722.42	-3.0854E-05
722.60	2.6009E-04
722.78	-2.9785E-04
722.97	3.1120E-05
723.15	-9.9884E-05
723.33	-2.8188E-04
723.51	-3.7027E-04
723.69	-1.8888E-04
723.87	1.8921E-05
724.05	-1.5179E-04
724.23	-8.2394E-05
724.41	1.2690E-04
724.59	-6.3580E-06
724.77	-1.5947E-04
724.95	-2.5574E-04
725.13	-5.7673E-05
725.31	-1.4129E-04
725.49	-3.0235E-04
725.67	-1.0314E-04
725.85	3.8795E-05
726.03	3.1088E-04
726.22	-1.6231E-04
726.40	-4.3644E-04
726.58	2.8744E-04
726.76	-8.5055E-05
726.94	2.3603E-04
727.12	-1.7084E-04
727.30	6.5815E-06
727.48	-1.3191E-05
727.66	1.1901E-04
727.84	-2.9135E-04
728.02	1.3951E-04
728.20	-1.5299E-04
728.38	-2.5992E-04
728.56	-1.1361E-04
728.74	-2.0074E-04
728.92	1.0728E-04
729.10	1.3446E-05
729.28	7.4114E-05
729.46	-6.7546E-06
729.64	-2.0968E-04
729.82	-2.7135E-05
730.00	-1.5626E-04
730.18	1.9756E-04
730.36	1.2968E-04
730.54	-3.5532E-04
730.72	1.3706E-04
730.90	4.8085E-05
731.08	-4.1264E-05
731.26	2.0694E-04
731.44	-4.1475E-05
731.62	-5.5485E-05
731.80	3.4025E-04
731.98	-4.9420E-04
732.16	-2.0235E-04
732.34	1.7492E-04
732.52	-2.1060E-04
732.70	-2.1089E-05
732.88	6.3427E-05
733.06	-4.0291E-04
733.24	2.4780E-04
733.42	-1.4917E-04
733.60	-3.0579E-04
733.78	-2.4979E-04
733.96	5.7249E-05
734.14	0.0000E00
734.32	7.1932E-06
734.50	-5.6951E-04
734.67	1.5187E-04
734.85	-1.4509E-05
735.03	-1.8909E-04
735.21	7.2914E-05
735.39	9.4991E-05
735.57	-1.6136E-04
735.75	-9.5545E-05
735.93	1.4000E-04
736.11	-3.6951E-05
736.29	-2.9618E-05
736.47	-6.6757E-05
736.65	-4.4643E-04
736.83	1.1939E-04
737.01	-1.4212E-04
737.19	4.5009E-05
737.37	-2.4084E-04
737.55	-2.5624E-04
737.72	1.5118E-05
737.90	-3.5609E-04
738.08	-1.1391E-04
738.26	1.3707E-04
738.44	-3.7442E-04
738.62	-2.3756E-04
738.80	2.2260E-04
738.98	-1.6168E-04
739.16	2.7023E-04
739.34	-6.7332E-04
739.52	-1.8660E-04
739.70	7.0155E-05
739.87	-6.2609E-05
740.05	-1.4927E-04
740.23	8.6703E-05
740.41	-1.8974E-04
740.59	1.3495E-04
740.77	-3.1896E-05
740.95	-4.0022E-04
741.13	1.1251E-04
741.31	2.9085E-04
741.49	3.8103E-04
741.66	-3.2578E-04
741.84	3.5145E-04
742.02	-2.3812E-04
742.20	-2.3092E-04
742.38	1.3263E-04
742.56	4.4941E-04
742.74	1.0865E-04
742.92	-1.6785E-05
743.09	8.4299E-05
743.27	-3.0440E-04
743.45	-2.4618E-04
743.63	4.7707E-04
743.81	-4.2768E-05
743.99	-2.6593E-04
744.17	-3.9614E-04
744.35	3.4542E-04
744.52	-6.0605E-04
744.70	-1.1286E-04
744.88	8.7035E-05
745.06	6.3672E-04
745.24	1.3989E-04
745.42	-1.3146E-04
745.59	1.5811E-04
745.77	3.6096E-04
745.95	-2.1168E-04
746.13	7.0651E-05
746.31	2.2108E-04
746.49	3.8115E-04
746.67	-3.6396E-04
746.84	-3.7360E-04
747.02	-3.9212E-04
747.20	2.5854E-04
747.38	-8.9229E-06
747.56	1.9651E-04
747.74	-8.9357E-06
747.91	5.7237E-04
748.09	2.3281E-04
748.27	8.0637E-05
748.45	8.9592E-06
748.63	-3.4937E-04
748.80	8.9529E-05
748.98	1.1638E-04
749.16	-2.6868E-05
749.34	-2.5967E-04
749.52	4.4777E-05
749.69	6.2675E-05
749.87	3.3114E-04
750.05	-2.6800E-04
750.23	4.6446E-04
750.41	-8.9261E-06
750.59	3.6585E-04
750.76	1.3373E-04
750.94	-2.6721E-05
751.12	-3.5596E-05
751.30	1.1552E-04
751.47	3.7263E-04
751.65	-4.4320E-04
751.83	4.4241E-05
752.01	3.8930E-04
752.19	-7.0679E-05
752.36	-8.5635E-04
752.54	1.1457E-04
752.72	6.4249E-04
752.90	-3.5176E-05
753.07	2.2823E-04
753.25	-2.5445E-04
753.43	5.2595E-04
753.61	-5.2508E-05
753.79	1.2249E-04
753.96	-1.1358E-04
754.14	1.3085E-04
754.32	2.4399E-04
754.50	1.3063E-04
754.67	4.0892E-04
754.85	0.0000E00
755.03	-1.1291E-04
755.21	4.5110E-04
755.38	-1.4732E-04
755.56	5.1995E-05
755.74	3.2909E-04
755.92	-1.9039E-04
756.09	5.1929E-05
756.27	-1.0371E-04
756.45	-9.5014E-05
756.63	-2.5046E-04
756.80	1.9840E-04
756.98	-6.0411E-05
757.16	1.8979E-04
757.33	4.4846E-04
757.51	1.0344E-04
757.69	-9.4838E-05
757.87	3.7082E-04
758.04	-2.5869E-05
758.22	1.8974E-04
758.40	-1.8981E-04
758.58	1.5526E-04
758.75	4.4882E-04
758.93	-1.7275E-05
759.11	1.8146E-04
759.28	1.1243E-04
759.46	1.2973E-04
759.64	-8.6522E-05
759.81	3.2014E-04
759.99	-1.0392E-04
760.17	5.2010E-05
760.35	4.4231E-04
760.52	-4.9509E-04
760.70	-9.5615E-05
760.88	-3.6534E-04
761.05	6.7040E-04
761.23	-3.5749E-04
761.41	-6.3721E-04
761.58	4.8063E-04
761.76	-1.1380E-04
761.94	-3.5917E-04
762.11	-4.4702E-04
762.29	1.6684E-04
762.47	-1.6701E-04
762.65	5.2800E-05
762.82	-1.4091E-04
763.00	-9.7067E-05
763.18	-2.7368E-04
763.35	-4.4230E-05
763.53	4.5172E-04
763.71	1.5968E-04
763.88	-2.2225E-04
764.06	-3.5646E-04
764.23	-3.9258E-04
764.41	-1.5204E-04
764.59	-1.8830E-04
764.76	2.6948E-05
764.94	3.5999E-05
765.12	-1.0825E-04
765.29	-8.1318E-05
765.47	2.1732E-04
765.65	1.8143E-05
765.82	-6.0005E-04
766.00	-2.9150E-04
766.18	-1.2789E-04
766.35	-3.4775E-04
766.53	4.5848E-05
766.71	-1.9294E-04
766.88	-2.2101E-04
767.06	3.0454E-04
767.23	-4.6259E-05
767.41	1.8533E-04
767.59	-2.7885E-05
767.76	-5.7731E-04
767.94	1.4009E-04
768.12	1.8708E-05
768.29	1.5016E-04
768.47	4.0404E-04
768.64	-8.2025E-04
768.82	2.3619E-04
769.00	-6.6315E-05
769.17	3.7979E-05
769.35	1.9058E-04
769.52	-2.4820E-04
769.70	4.8862E-04
769.88	1.1520E-04
770.05	-6.9319E-04
770.23	3.8558E-05
770.40	-1.2575E-04
770.58	-2.0365E-04
770.76	-9.7240E-05
770.93	4.0956E-04
771.11	-5.8699E-05
771.28	-1.1764E-04
771.46	-3.9301E-05
771.63	-2.4605E-04
771.81	6.0257E-04
771.99	-3.2680E-04
772.16	4.1731E-04
772.34	1.7936E-04
772.51	-4.8942E-04
772.69	6.9141E-04
772.87	-4.0176E-05
773.04	-1.5111E-04
773.22	-7.0771E-05
773.39	-1.0146E-05
773.57	4.7812E-04
773.74	-4.0784E-05
773.92	1.8421E-04
774.09	2.5633E-04
774.27	-9.2593E-05
774.45	-1.7548E-04
774.62	1.4484E-04
774.80	2.8052E-04
774.97	5.3139E-04
775.15	5.2253E-04
775.32	-1.0481E-04
775.50	-5.1554E-04
775.67	-3.4837E-04
775.85	-1.0583E-05
776.02	2.8696E-04
776.20	-6.2864E-04
776.37	-2.7789E-04
776.55	-7.5108E-05
776.73	-6.4532E-05
776.90	-5.3929E-04
777.08	0.0000E00
777.25	1.4090E-04
777.43	-2.3917E-04
777.60	-5.1239E-04
777.78	4.4850E-04
777.95	1.0967E-03
778.13	3.3008E-05
778.30	1.4343E-04
778.48	1.8806E-04
778.65	2.4377E-04
778.83	-1.5562E-04
779.00	1.3383E-04
779.18	-4.1432E-04
779.35	2.4705E-04
779.53	3.3787E-05
779.70	-5.6483E-05
779.88	-3.6278E-04
780.05	1.1375E-04
780.23	-4.6771E-04
780.40	-3.2064E-04
780.58	-3.3347E-04
780.75	3.6889E-04
780.93	-2.1986E-04
781.10	2.6698E-04
781.28	-1.8627E-04
781.45	3.3891E-04
781.63	1.6409E-04
781.80	4.4689E-04
781.98	5.9004E-04
782.15	2.3699E-05
782.32	8.3138E-05
782.50	3.2178E-04
782.67	-5.6270E-04
782.85	1.5607E-04
783.02	7.1088E-04
783.20	-6.2866E-04
783.37	-6.0635E-05
783.55	-7.3031E-05
783.72	-5.1290E-04
783.90	-2.8171E-04
784.07	-1.4751E-04
784.25	2.9613E-04
784.42	-8.6664E-05
784.59	3.1052E-04
784.77	-6.2328E-05
784.94	4.7501E-04
785.12	-1.0040E-04
785.29	-1.7624E-04
785.47	-1.2625E-05
785.64	3.2924E-04
785.81	-8.2553E-04
785.99	2.5479E-04
786.16	3.8334E-05
786.34	-6.0256E-04
786.51	3.2139E-04
786.69	2.5802E-04
786.86	-5.1777E-05
787.03	1.1682E-04
787.21	-4.6863E-04
787.38	3.9212E-05
787.56	2.6221E-05
787.73	-7.6329E-04
787.91	-4.4877E-04
788.08	-2.6467E-05
788.25	1.3273E-04
788.43	7.5883E-04
788.60	-7.8759E-04
788.78	1.2054E-04
788.95	-1.7449E-04
789.12	4.0396E-05
789.30	-1.7550E-04
789.47	-4.6040E-04
789.65	4.7513E-04
789.82	-6.8129E-05
789.99	-6.1518E-04
790.17	1.6452E-04
790.34	-2.0631E-04
790.51	3.4513E-04
790.69	6.9240E-05
790.86	1.9466E-04
791.04	8.3788E-04
791.21	-2.9450E-04
791.38	7.0438E-05
791.56	7.0754E-04
791.73	-1.4191E-05
791.90	5.1328E-04
792.08	0.0000E00
792.25	3.0189E-04
792.43	1.0103E-04
792.60	7.2365E-05
792.77	4.0686E-04
792.95	-3.7898E-04
793.12	9.0599E-04
793.29	7.3261E-05
793.47	9.4011E-04
793.64	7.9592E-04
793.81	-1.6262E-04
793.99	7.8503E-04
794.16	1.0107E-03
794.33	-4.4686E-04
794.51	-6.7307E-04
794.68	5.5496E-04
794.85	-1.0531E-04
795.03	4.8284E-04
795.20	-1.0593E-04
795.37	-7.5905E-04
795.55	-2.1318E-04
795.72	-4.4321E-04
795.89	-3.9897E-04
796.07	4.0016E-04
796.24	-7.2664E-04
796.41	3.5644E-04
796.59	4.8232E-04
796.76	3.8980E-04
796.93	6.7331E-04
797.11	6.1294E-04
797.28	-4.1049E-04
797.45	-1.2679E-04
797.63	1.4311E-03
797.80	-8.1403E-04
797.97	5.4426E-04
798.14	3.6965E-04
798.32	2.2582E-04
798.49	-4.0451E-04
798.66	6.3436E-04
798.84	-5.7112E-04
799.01	3.9317E-04
799.18	-1.1489E-04
799.35	-1.6479E-04
799.53	3.3048E-05
799.70	0.0000E00
799.87	-1.9972E-04
800.05	-2.6695E-04
800.22	-7.8694E-04
800.39	6.2159E-04
800.56	-2.3584E-04
800.74	1.0145E-04
800.91	2.0340E-04
801.08	1.8703E-04
801.26	5.6254E-04
801.43	5.1364E-05
801.60	5.3246E-04
801.77	-5.8569E-04
801.95	-5.0113E-04
802.12	-1.7339E-05
802.29	-3.3061E-04
802.46	4.1880E-04
802.64	-5.7748E-04
802.81	-2.9878E-04
802.98	0.0000E00
803.15	1.9468E-04
803.33	8.1646E-04
803.50	1.4778E-03
803.67	-4.6488E-04
803.84	8.9710E-04
804.02	4.1400E-04
804.19	1.2642E-04
804.36	-9.0624E-04
804.53	-5.4564E-05
804.70	6.7474E-04
804.88	4.2139E-04
805.05	-1.0117E-03
805.22	8.6654E-04
805.39	-4.8120E-04
805.57	-6.4988E-04
805.74	-7.4499E-05
805.91	-2.9919E-04
806.08	4.6932E-04
806.25	-6.9771E-04
806.43	-3.7824E-05
806.60	1.1015E-03
806.77	7.6136E-05
806.94	-7.6369E-05
807.11	-5.1806E-04
807.29	1.4829E-03
807.46	-2.5111E-04
807.63	-7.7564E-05
807.80	1.9460E-04
807.97	6.8315E-04
808.15	1.3313E-03
808.32	9.0425E-04
808.49	-1.5777E-04
808.66	-5.3395E-04
808.83	-3.1776E-04
809.01	3.1852E-04
809.18	6.1932E-04
809.35	2.4071E-04
809.52	3.8258E-04
809.69	4.0392E-05
809.86	-1.6215E-04
810.04	-2.0343E-05
810.21	-1.2240E-04
810.38	4.7132E-04
810.55	1.0912E-03
810.72	7.8423E-04
810.89	-5.1850E-04
811.07	-6.0367E-04
811.24	2.2988E-04
811.41	-6.0805E-04
811.58	-1.2416E-03
811.75	-2.5343E-04
811.92	1.6955E-04
812.10	-9.3641E-04
812.27	-2.3469E-04
812.44	-1.9281E-04
812.61	4.3018E-05
812.78	-5.1792E-04
812.95	-8.6598E-05
813.12	-4.3455E-04
813.30	-1.5255E-04
813.47	5.9103E-04
813.64	-4.3965E-04
813.81	-1.1466E-03
813.98	-1.6826E-03
814.15	8.6635E-04
814.32	8.9118E-04
814.49	-1.7891E-04
814.67	5.8278E-04
814.84	4.9486E-04
815.01	-5.6414E-04
815.18	-6.7993E-04
815.35	2.2741E-04
815.52	-2.0526E-04
815.69	6.8696E-05
815.86	1.3555E-03
816.03	7.6144E-04
816.21	3.4734E-04
816.38	-3.2547E-04
816.55	9.5783E-04
816.72	-6.3334E-04
816.89	-7.0615E-04
817.06	6.8543E-04
817.23	3.0858E-04
817.40	9.5246E-05
817.57	-9.3251E-04
817.74	7.2028E-05
817.91	4.5792E-04
818.09	4.8390E-04
818.26	9.7117E-04
818.43	5.6046E-04
818.60	1.7117E-03
818.77	7.6085E-04
818.94	-9.8512E-05
819.11	4.9414E-04
819.28	-2.4805E-04
819.45	-2.2396E-04
819.62	2.4955E-05
819.79	5.0028E-04
819.96	-1.3062E-03
820.13	1.0830E-03
820.30	1.0112E-04
820.48	1.0157E-03
820.65	1.0193E-03
820.82	4.6011E-04
820.99	1.5399E-04
821.16	1.5451E-04
821.33	-3.1004E-04
821.50	-2.0758E-04
821.67	-2.3446E-04
821.84	2.8761E-04
822.01	-6.5653E-04
822.18	-3.6918E-04
822.35	1.3215E-03
822.52	-2.6552E-05
822.69	-3.4622E-04
822.86	-5.3456E-05
823.03	-1.3146E-03
823.20	-2.6938E-05
823.37	-2.9747E-04
823.54	1.0326E-03
823.71	-4.6316E-04
823.88	4.3789E-04
824.05	1.4279E-03
824.22	-7.7157E-04
824.39	-1.9361E-04
824.56	-3.8890E-04
824.73	6.1345E-04
824.90	-7.2797E-04
825.07	1.6853E-04
825.24	1.0721E-03
825.41	-8.4922E-05
825.58	-7.1126E-04
825.75	-8.8545E-04
825.92	-2.5814E-04
826.09	9.5126E-04
826.26	1.0998E-03
826.43	-1.4526E-04
826.60	0.0000E00
826.77	5.8633E-05
826.94	-2.1219E-03
827.11	-1.1531E-03
827.28	-4.4512E-04
827.45	-1.1915E-04
827.62	2.0936E-04
827.79	3.0003E-04
827.96	-5.7233E-04
828.13	1.0579E-03
828.30	-1.5173E-03
828.47	4.2647E-04
828.64	1.5278E-04
828.81	-9.8047E-04
828.98	8.6192E-04
829.15	-1.8221E-03
829.32	9.3010E-05
829.49	2.3341E-03
829.66	3.7486E-04
829.83	-1.8830E-04
830.00	3.1493E-05
830.17	-1.9633E-03
830.34	1.3662E-03
830.50	-2.5519E-03
830.67	7.3718E-04
830.84	-8.0351E-04
831.01	1.6147E-04
831.18	5.1823E-04
831.35	9.7508E-04
831.52	9.4730E-04
831.69	-7.5361E-04
831.86	5.2747E-04
832.03	-1.0584E-03
832.20	5.6540E-04
832.37	-1.0035E-03
832.54	3.3640E-04
832.71	1.0167E-03
832.87	-1.3644E-04
833.04	-2.9193E-03
833.21	2.7295E-03
833.38	-1.1452E-03
833.55	3.1387E-04
833.72	-2.3782E-03
833.89	1.3357E-03
834.06	3.1315E-03
834.23	-5.2925E-04
834.40	3.8869E-04
834.57	6.3562E-04
834.73	-1.0613E-04
834.90	-6.0292E-04
835.07	-8.1669E-04
835.24	0.0000E00
835.41	4.6399E-04
835.58	1.2169E-03
835.75	-1.3264E-03
835.92	7.9264E-04
836.09	-9.4026E-04
836.25	9.4381E-04
836.42	-2.5541E-04
836.59	3.6636E-04
836.76	6.2434E-04
836.93	5.5383E-04
837.10	-3.7069E-05
837.27	9.6770E-04
837.43	-5.6059E-04
837.60	4.8831E-04
837.77	-1.2063E-03
837.94	-1.4007E-03
838.11	-1.0261E-03
838.28	1.7182E-03
838.45	-2.2997E-04
838.61	-2.3105E-04
838.78	-8.8880E-04
838.95	3.4918E-04
839.12	-2.3381E-04
839.29	-1.1349E-03
839.46	-1.9643E-04
839.63	-1.1839E-04
839.79	-1.5843E-03
839.96	1.0751E-03
840.13	-4.3944E-04
840.30	1.4440E-03
840.47	5.2345E-04
840.64	-6.4694E-04
840.80	6.9028E-04
840.97	2.8545E-04
841.14	2.0481E-03
841.31	4.1142E-04
841.48	2.2303E-03
841.64	0.0000E00
841.81	1.7501E-03
841.98	-1.4657E-03
842.15	1.1350E-03
842.32	2.1116E-04
842.49	2.1196E-03
842.65	-1.2777E-04
842.82	-1.0254E-03
842.99	1.7151E-04
843.16	-1.5503E-03
843.33	2.2065E-03
843.49	4.7702E-04
843.66	-6.0950E-04
843.83	1.7486E-03
844.00	1.7562E-04
844.17	1.3216E-03
844.33	-4.4229E-05
844.50	-2.4433E-03
844.67	-3.5691E-04
844.84	-6.2761E-04
845.00	3.1476E-04
845.17	-1.9407E-03
845.34	3.1785E-03
845.51	-1.8233E-04
845.68	8.6993E-04
845.84	-1.7936E-03
846.01	-8.7842E-04
846.18	6.0359E-04
846.35	-2.7977E-04
846.51	-2.1087E-03
846.68	1.6007E-03
846.85	-2.1287E-03
847.02	8.0820E-04
847.18	2.9103E-03
847.35	-1.2468E-03
847.52	2.0706E-03
847.69	-1.2097E-03
847.85	1.7503E-03
848.02	7.3317E-04
848.19	1.2276E-03
848.36	6.9105E-04
848.52	-4.4590E-04
848.69	-8.9652E-04
848.86	1.1501E-03
849.03	-6.0317E-04
849.19	-3.1774E-03
849.36	-6.0796E-04
849.53	-1.5261E-04
849.69	3.2173E-03
849.86	-1.6403E-03
850.03	1.3891E-03
850.20	7.2255E-04
850.36	-4.2021E-03
850.53	-1.5620E-04
850.70	1.2550E-03
850.86	5.7743E-04
851.03	-3.6933E-04
851.20	2.3296E-03
851.37	-2.3412E-03
851.53	-1.0694E-04
851.70	1.8261E-03
851.87	2.9142E-03
852.03	-9.7620E-04
852.20	-5.4456E-04
852.37	-5.4751E-05
852.53	-2.6930E-03
852.70	-1.6031E-03
852.87	-7.2112E-04
853.04	4.7396E-03
853.20	-3.0779E-03
853.37	8.9948E-04
853.54	-6.7786E-04
853.70	-1.1348E-03
853.87	2.1074E-03
854.04	-2.2320E-03
854.20	1.2646E-03
854.37	2.4272E-03
854.54	2.3216E-04
854.70	0.0000E00
854.87	2.5811E-03
855.04	-2.0637E-03
855.20	-1.7759E-04
855.37	-1.5448E-03
855.54	-1.1936E-04
855.70	2.6419E-03
855.87	2.4151E-04
856.04	6.0618E-05
856.20	1.2789E-03
856.37	4.0986E-03
856.53	-8.5984E-04
856.70	-4.5653E-03
856.87	-1.3627E-03
857.03	5.6054E-04
857.20	3.0670E-03
857.37	-1.0693E-03
857.53	5.2439E-03
857.70	2.8523E-03
857.87	-1.9112E-03
858.03	-1.9832E-03
858.20	-1.9278E-04
858.36	-1.9360E-03
858.53	-3.2410E-03
858.70	1.1074E-03
858.86	8.5036E-04
859.03	-2.2350E-03
859.20	2.7063E-03
859.36	1.9868E-04
859.53	-4.1269E-03
859.69	8.6874E-04
859.86	2.3509E-03
860.03	1.8205E-03
860.19	-1.5585E-03
860.36	-4.4233E-03
860.52	6.8397E-05
860.69	-2.1291E-03
860.86	1.0358E-03
861.02	6.2477E-04
861.19	2.5111E-03
861.35	-1.5427E-03
861.52	7.7489E-04
861.68	4.3894E-03
861.85	-8.5537E-04
862.02	-8.6100E-04
862.18	2.0914E-03
862.35	2.6093E-03
862.51	3.1338E-03
862.68	3.5155E-03
862.85	7.3660E-04
863.01	1.7803E-03
863.18	4.1759E-03
863.34	2.7020E-03
863.51	1.5111E-03
863.67	-1.4418E-03
863.84	4.2702E-03
864.00	-2.9135E-03
864.17	5.0888E-03
864.34	2.1709E-03
864.50	-1.2471E-03
864.67	4.0773E-03
864.83	2.1250E-03
865.00	4.0390E-03
865.16	-3.1847E-04
865.33	-2.3992E-03
865.49	8.0443E-04
865.66	6.8719E-03
865.82	8.9568E-04
865.99	0.0000E00
866.16	2.7145E-03
866.32	2.4820E-04
866.49	2.1608E-03
866.65	2.4235E-03
866.82	3.3561E-04
866.98	1.1811E-03
867.15	1.0165E-03
867.31	2.1286E-03
867.48	4.1156E-03
867.64	-3.9589E-03
867.81	2.3367E-03
867.97	1.0451E-03
868.14	-4.3741E-03
868.30	4.0425E-03
868.47	-1.5036E-03
868.63	-6.4965E-03
868.80	-3.2231E-03
868.96	-1.8956E-03
869.13	1.7222E-03
869.29	3.9167E-03
869.46	4.3063E-03
869.62	2.0264E-03
869.79	1.8510E-03
869.95	4.6567E-03
870.12	5.6230E-04
870.28	-3.3912E-03
870.45	-5.9680E-03
870.61	-5.3360E-03
870.78	-5.4600E-03
870.94	1.0618E-03
871.11	4.0744E-03
871.27	-6.8439E-03
871.43	-1.7713E-03
871.60	3.1725E-03
871.76	-7.9852E-04
871.93	-5.9327E-03
872.09	-4.5562E-03
872.26	4.3826E-03
872.42	1.0252E-03
872.59	2.2674E-03
872.75	-2.6987E-03
872.92	-1.9842E-03
873.08	-2.0981E-03
873.25	-9.5072E-04
873.41	-5.3048E-04
873.57	1.1754E-03
873.74	1.7188E-03
873.90	-3.0255E-03
874.07	-2.0659E-03
874.23	-1.9683E-03
874.40	-2.7536E-03
874.56	8.8697E-04
874.72	4.2469E-03
874.89	2.8148E-03
875.05	-4.4231E-03
875.22	2.9688E-03
875.38	-2.5269E-03
875.55	-2.4310E-03
875.71	-6.6389E-03
875.87	6.4571E-03
876.04	-1.3010E-03
876.20	3.2147E-03
876.37	8.0203E-03
876.53	9.2613E-03
876.69	-7.2661E-04
876.86	3.7776E-03
877.02	-2.9488E-03
877.19	-2.1029E-03
877.35	8.7034E-04
877.51	9.9096E-03
877.68	5.0439E-04
877.84	-2.5384E-04
878.01	4.4751E-03
878.17	-9.4050E-03
878.33	-2.0754E-03
878.50	-2.3498E-03
878.66	-3.2872E-03
878.83	4.2333E-03
878.99	1.4632E-03
879.15	4.2906E-03
879.32	4.0450E-04
879.48	6.7915E-04
879.64	6.0183E-03
879.81	5.7792E-03
879.97	5.2649E-03
880.14	-7.8178E-03
880.30	4.3564E-03
880.46	1.4148E-03
880.63	-1.4247E-04
880.79	-4.7377E-03
880.95	-4.3382E-03
881.12	3.6431E-03
881.28	-2.1995E-03
881.44	-1.9183E-03
881.61	-5.9436E-03
881.77	-5.8300E-03
881.93	-2.1061E-03
882.10	1.5150E-04
882.26	-1.2182E-03
882.42	-2.4565E-03
882.59	-1.7016E-03
882.75	5.1417E-03
882.91	4.7046E-04
883.08	6.6347E-03
883.24	-1.9085E-03
883.40	6.2448E-03
883.57	-7.5692E-03
883.73	-4.5441E-03
883.89	-1.4682E-03
884.06	1.3144E-02
884.22	8.4144E-03
884.38	-3.6607E-03
884.55	-9.3670E-03
884.71	-3.7020E-03
884.87	-1.6931E-03
885.04	5.1149E-04
885.20	7.2025E-03
885.36	-2.7754E-03
885.52	1.1632E-02
885.69	6.4767E-03
885.85	6.4767E-03