178.13	0.0000E00
178.35	0.0000E00
178.57	0.0000E00
178.79	-0.0000E00
179.01	-0.0000E00
179.23	0.0000E00
179.45	0.0000E00
179.67	-0.0000E00
179.89	-0.0000E00
180.11	-0.0000E00
180.33	0.0000E00
180.55	-0.0000E00
180.77	-0.0000E00
180.99	-0.0000E00
181.21	0.0000E00
181.43	0.0000E00
181.65	0.0000E00
181.87	0.0000E00
182.09	0.0000E00
182.31	0.0000E00
182.53	-0.0000E00
182.75	0.0000E00
182.97	0.0000E00
183.19	0.0000E00
183.41	-0.0000E00
183.63	0.0000E00
183.85	-0.0000E00
184.07	0.0000E00
184.29	0.0000E00
184.51	0.0000E00
184.73	-0.0000E00
184.95	0.0000E00
185.17	0.0000E00
185.39	0.0000E00
185.61	-0.0000E00
185.83	0.0000E00
186.05	0.0000E00
186.27	0.0000E00
186.48	0.0000E00
186.70	0.0000E00
186.92	0.0000E00
187.14	-0.0000E00
187.36	-0.0000E00
187.58	0.0000E00
187.80	0.0000E00
188.02	0.0000E00
188.24	0.0000E00
188.46	-0.0000E00
188.68	0.0000E00
188.90	0.0000E00
189.12	0.0000E00
189.34	0.0000E00
189.56	0.0000E00
189.78	-0.0000E00
190.00	0.0000E00
190.22	0.0000E00
190.44	0.0000E00
190.66	0.0000E00
190.88	-0.0000E00
191.09	0.0000E00
191.31	0.0000E00
191.53	0.0000E00
191.75	0.0000E00
191.97	0.0000E00
192.19	0.0000E00
192.41	0.0000E00
192.63	0.0000E00
192.85	0.0000E00
193.07	0.0000E00
193.29	-0.0000E00
193.51	0.0000E00
193.73	0.0000E00
193.95	0.0000E00
194.16	0.0000E00
194.38	-0.0000E00
194.60	0.0000E00
194.82	0.0000E00
195.04	0.0000E00
195.26	0.0000E00
195.48	0.0000E00
195.70	0.0000E00
195.92	0.0000E00
196.14	0.0000E00
196.36	0.0000E00
196.58	0.0000E00
196.79	0.0000E00
197.01	-0.0000E00
197.23	-0.0000E00
197.45	0.0000E00
197.67	0.0000E00
197.89	0.0000E00
198.11	0.0000E00
198.33	0.0000E00
198.55	0.0000E00
198.77	0.0000E00
198.98	0.0000E00
199.20	0.0000E00
199.42	0.0000E00
199.64	0.0000E00
199.86	-0.0000E00
200.08	3.8168E-02
200.30	2.0026E-03
200.52	-2.9590E-02
200.74	1.3727E-02
200.95	-1.2617E-02
201.17	4.0699E-02
201.39	1.5602E-02
201.61	4.7340E-02
201.83	2.0798E-02
202.05	5.6922E-03
202.27	3.1963E-03
202.49	1.1873E-02
202.71	5.8124E-02
202.92	4.7815E-02
203.14	2.3969E-02
203.36	-3.0505E-03
203.58	5.4121E-02
203.80	4.3011E-02
204.02	1.1035E-02
204.24	5.6909E-02
204.45	-3.5422E-02
204.67	1.6093E-02
204.89	2.5061E-02
205.11	2.4818E-02
205.33	4.7593E-02
205.55	3.2914E-02
205.77	8.4797E-03
205.99	2.3799E-02
206.20	2.9692E-02
206.42	3.4686E-02
206.64	1.3577E-02
206.86	8.4648E-03
207.08	2.0617E-02
207.30	1.5001E-02
207.51	2.0502E-02
207.73	-3.8833E-03
207.95	1.8846E-02
208.17	2.3857E-02
208.39	-2.5960E-03
208.61	1.1267E-02
208.83	1.8667E-02
209.04	1.3856E-02
209.26	1.6582E-02
209.48	5.2848E-03
209.70	2.6830E-02
209.92	1.3732E-03
210.14	3.8991E-02
210.35	1.3903E-02
210.57	-2.5651E-02
210.79	2.1889E-03
211.01	-7.3495E-03
211.23	-2.0786E-02
211.45	-1.2130E-02
211.66	2.8364E-02
211.88	-4.4551E-03
212.10	1.9210E-02
212.32	1.1870E-02
212.54	-3.1239E-03
212.76	3.8930E-02
212.97	7.9706E-03
213.19	0.0000E00
213.41	5.5356E-03
213.63	1.6783E-02
213.85	3.4855E-02
214.06	4.2782E-03
214.28	3.1594E-02
214.50	1.0800E-02
214.72	1.4824E-02
214.94	2.0068E-02
215.16	2.2838E-02
215.37	4.3092E-03
215.59	-8.8295E-03
215.81	-6.4747E-04
216.03	2.8444E-02
216.25	1.0708E-02
216.46	5.5866E-03
216.68	4.3081E-03
216.90	6.9761E-03
217.12	-2.9865E-04
217.34	1.9813E-02
217.55	-2.0554E-03
217.77	1.0223E-02
217.99	-6.9600E-03
218.21	1.3675E-02
218.43	-7.5821E-03
218.64	1.4151E-02
218.86	2.1546E-02
219.08	2.3603E-02
219.30	1.0593E-02
219.51	7.8713E-04
219.73	-7.7801E-04
219.95	1.4592E-02
220.17	6.0420E-03
220.39	2.4765E-03
220.60	1.7189E-02
220.82	1.2184E-02
221.04	9.4246E-03
221.26	7.6710E-03
221.47	3.5571E-03
221.69	1.8054E-02
221.91	1.5094E-02
222.13	5.7365E-03
222.35	3.1776E-03
222.56	8.5667E-03
222.78	1.6822E-02
223.00	-1.1094E-03
223.22	9.6451E-03
223.43	1.1885E-02
223.65	7.8917E-03
223.87	1.8292E-02
224.09	6.0211E-03
224.30	2.0599E-03
224.52	6.3341E-03
224.74	2.1700E-02
224.96	-1.4112E-03
225.17	2.0586E-02
225.39	2.1764E-03
225.61	1.2101E-02
225.83	-2.1245E-03
226.04	1.8772E-02
226.26	9.7110E-03
226.48	1.5112E-02
226.70	1.3278E-02
226.91	1.1148E-02
227.13	4.9719E-03
227.35	-1.2724E-03
227.57	-5.3735E-03
227.78	7.9660E-03
228.00	8.0873E-03
228.22	3.4854E-03
228.44	6.2138E-03
228.65	9.0716E-03
228.87	1.3573E-02
229.09	1.0941E-02
229.31	5.6558E-03
229.52	4.6094E-03
229.74	1.3890E-02
229.96	1.6195E-03
230.18	1.0601E-02
230.39	1.0625E-02
230.61	-4.0889E-03
230.83	-1.5608E-04
231.04	7.7715E-04
231.26	5.3933E-03
231.48	5.9495E-03
231.70	4.9932E-03
231.91	9.7412E-03
232.13	6.2373E-03
232.35	1.6857E-02
232.56	-5.8725E-04
232.78	1.5059E-02
233.00	4.3639E-03
233.22	3.8923E-03
233.43	6.6988E-03
233.65	3.9693E-03
233.87	1.2791E-02
234.08	6.2764E-03
234.30	1.1082E-02
234.52	-6.8661E-03
234.74	7.5991E-03
234.95	-2.4206E-03
235.17	7.9959E-03
235.39	3.7107E-03
235.60	3.0264E-03
235.82	3.9092E-03
236.04	5.2952E-03
236.25	3.8426E-03
236.47	6.8364E-03
236.69	3.5135E-03
236.90	3.5987E-03
237.12	3.0867E-03
237.34	4.7822E-03
237.56	-3.6672E-04
237.77	1.4537E-03
237.99	2.5360E-03
238.21	8.8942E-03
238.42	5.4987E-03
238.64	3.7998E-03
238.86	9.4660E-04
239.07	8.4509E-03
239.29	1.2871E-03
239.51	4.7577E-03
239.72	6.9116E-04
239.94	2.9647E-03
240.16	3.1732E-03
240.37	1.0884E-02
240.59	6.6923E-04
240.81	6.9568E-03
241.02	4.7154E-03
241.24	2.6119E-03
241.46	3.3556E-03
241.67	6.9704E-03
241.89	-4.6009E-03
242.11	2.6494E-03
242.32	-1.4768E-03
242.54	2.4086E-03
242.76	8.3438E-04
242.97	6.3140E-03
243.19	7.2230E-03
243.41	6.2695E-03
243.62	3.4767E-03
243.84	5.9028E-03
244.06	2.7397E-03
244.27	4.7293E-03
244.49	6.2296E-03
244.70	4.5015E-03
244.92	7.0614E-03
245.14	2.9602E-04
245.35	2.3527E-03
245.57	3.2101E-03
245.79	7.4308E-03
246.00	5.6414E-03
246.22	6.1764E-03
246.44	4.4077E-03
246.65	7.1446E-03
246.87	8.5084E-03
247.09	3.0971E-03
247.30	-1.6835E-03
247.52	-3.4392E-03
247.73	6.3866E-03
247.95	-3.5915E-03
248.17	1.3541E-03
248.38	1.0268E-02
248.60	6.3864E-03
248.82	2.9973E-03
249.03	-2.6257E-04
249.25	1.3984E-03
249.46	3.6527E-03
249.68	5.5339E-03
249.90	7.4910E-03
250.11	2.3112E-03
250.33	4.5965E-03
250.54	-1.6091E-03
250.76	7.9433E-03
250.98	2.1081E-03
251.19	2.5199E-03
251.41	3.0969E-03
251.63	6.1545E-03
251.84	-2.0680E-03
252.06	4.3615E-03
252.27	3.6802E-03
252.49	4.3734E-03
252.71	1.2079E-03
252.92	2.8403E-03
253.14	5.6393E-03
253.35	4.4355E-03
253.57	7.8065E-03
253.79	3.8487E-03
254.00	5.8157E-03
254.22	5.7912E-03
254.43	7.5857E-05
254.65	4.3024E-03
254.86	3.9903E-03
255.08	2.5491E-03
255.30	4.5475E-04
255.51	1.7380E-03
255.73	5.9490E-03
255.94	3.3747E-03
256.16	2.4631E-03
256.38	3.8027E-03
256.59	4.6756E-03
256.81	5.9077E-04
257.02	2.5735E-03
257.24	1.9794E-03
257.45	3.7853E-03
257.67	2.3881E-03
257.89	1.2951E-03
258.10	2.1407E-03
258.32	6.3972E-04
258.53	-1.4161E-04
258.75	2.7436E-03
258.96	1.1927E-03
259.18	-9.1046E-04
259.40	4.9517E-03
259.61	3.6867E-03
259.83	2.9869E-03
260.04	1.5901E-03
260.26	2.4796E-03
260.47	-4.8109E-04
260.69	-1.4422E-03
260.90	6.8257E-03
261.12	3.2705E-03
261.34	3.8033E-03
261.55	1.1527E-03
261.77	8.1037E-04
261.98	5.9108E-03
262.20	3.7440E-03
262.41	4.4054E-03
262.63	8.6676E-04
262.84	1.7344E-03
263.06	4.5176E-03
263.27	2.3849E-03
263.49	-2.8320E-03
263.71	-2.6162E-04
263.92	9.7293E-04
264.14	-1.0357E-03
264.35	2.5805E-04
264.57	1.2853E-03
264.78	7.0379E-03
265.00	5.2912E-03
265.21	2.6554E-03
265.43	1.5093E-03
265.64	2.0067E-03
265.86	6.2376E-05
266.07	4.7964E-03
266.29	5.4066E-03
266.50	1.9763E-03
266.72	2.4652E-03
266.94	3.3765E-03
267.15	-8.5379E-04
267.37	2.0003E-03
267.58	2.5437E-03
267.80	4.9487E-03
268.01	-1.7409E-03
268.23	1.2597E-03
268.44	1.6691E-03
268.66	4.8049E-03
268.87	1.0054E-03
269.09	2.1177E-03
269.30	2.2932E-03
269.52	3.1828E-03
269.73	3.9395E-03
269.95	3.5164E-04
270.16	3.1492E-03
270.38	-2.9080E-04
270.59	2.4868E-03
270.81	5.1947E-04
271.02	-5.7612E-05
271.24	6.7175E-03
271.45	-5.7085E-05
271.67	6.8139E-04
271.88	4.6182E-03
272.10	7.3622E-03
272.31	5.0362E-04
272.53	4.0207E-03
272.74	2.0020E-03
272.96	2.3929E-03
273.17	3.3290E-04
273.39	-1.6521E-03
273.60	5.4902E-04
273.81	3.0717E-03
274.03	2.1868E-04
274.24	7.0351E-03
274.46	1.0303E-03
274.67	1.3508E-03
274.89	3.8648E-03
275.10	4.2684E-04
275.32	1.5368E-03
275.53	1.9498E-03
275.75	6.5319E-03
275.96	1.3589E-03
276.18	1.6630E-03
276.39	2.8576E-03
276.61	2.2252E-03
276.82	2.6751E-03
277.04	6.6560E-04
277.25	2.5600E-03
277.46	1.6837E-03
277.68	2.8391E-03
277.89	-2.9255E-03
278.11	9.0398E-04
278.32	2.1570E-03
278.54	3.3062E-03
278.75	-4.9589E-04
278.97	8.3921E-04
279.18	2.7045E-03
279.40	2.6952E-03
279.61	3.3595E-03
279.82	4.0169E-03
280.04	2.4147E-03
280.25	-1.3032E-03
280.47	1.9225E-03
280.68	3.0050E-03
280.90	1.0903E-03
281.11	-4.7246E-05
281.32	2.3581E-04
281.54	3.3788E-03
281.75	2.1457E-03
281.97	1.7172E-03
282.18	2.8248E-03
282.40	1.0622E-03
282.61	1.1032E-03
282.83	2.2475E-03
283.04	7.7983E-04
283.25	-2.1922E-03
283.47	1.0929E-03
283.68	1.3596E-03
283.90	1.6753E-03
284.11	1.5781E-03
284.32	-1.7040E-03
284.54	7.1471E-04
284.75	1.1985E-03
284.97	1.7735E-03
285.18	3.8547E-03
285.40	1.3747E-03
285.61	-1.2406E-03
285.82	3.1026E-04
286.04	3.6215E-03
286.25	3.9533E-04
286.47	2.8402E-03
286.68	-2.0935E-03
286.89	2.3911E-03
287.11	1.0860E-03
287.32	1.4246E-03
287.54	2.5754E-04
287.75	2.5582E-04
287.96	1.8682E-03
288.18	8.8685E-04
288.39	4.8438E-03
288.61	7.1342E-04
288.82	-3.7738E-04
289.03	2.6720E-03
289.25	2.3707E-03
289.46	-3.3025E-04
289.68	2.3895E-03
289.89	1.2703E-03
290.10	1.7969E-03
290.32	3.2604E-03
290.53	1.6243E-03
290.74	-1.7385E-03
290.96	-5.2377E-04
291.17	3.6133E-03
291.39	4.5591E-03
291.60	3.4285E-03
291.81	3.8995E-03
292.03	2.2594E-03
292.24	9.0759E-04
292.45	2.3175E-03
292.67	1.7612E-03
292.88	2.5393E-03
293.10	-1.1684E-04
293.31	-7.3779E-04
293.52	9.2794E-04
293.74	1.2717E-03
293.95	1.0757E-03
294.16	1.0318E-03
294.38	3.2679E-03
294.59	2.2728E-04
294.80	7.5417E-04
295.02	2.7744E-03
295.23	1.7577E-03
295.45	7.8234E-04
295.66	2.1170E-03
295.87	3.9174E-03
296.09	1.2916E-03
296.30	1.2116E-03
296.51	1.7570E-03
296.73	1.5717E-03
296.94	2.3709E-03
297.15	3.3103E-03
297.37	1.1606E-03
297.58	2.2401E-03
297.79	2.0937E-03
298.01	5.0347E-04
298.22	1.5442E-03
298.43	2.2167E-03
298.65	2.7491E-03
298.86	1.0322E-03
299.07	-1.0278E-03
299.29	1.2038E-03
299.50	1.0978E-03
299.71	2.5494E-03
299.93	1.0241E-03
300.14	7.3954E-04
300.35	1.6505E-03
300.57	1.0145E-03
300.78	3.2770E-03
300.99	1.0393E-03
301.21	8.9952E-04
301.42	3.1153E-03
301.63	2.6255E-03
301.85	1.8290E-03
302.06	1.0679E-03
302.27	3.7876E-04
302.48	1.7142E-04
302.70	1.5766E-03
302.91	2.6280E-03
303.12	6.8083E-04
303.34	2.4800E-03
303.55	7.4549E-04
303.76	1.0475E-03
303.98	7.7574E-04
304.19	1.3465E-04
304.40	2.6572E-03
304.61	9.0581E-04
304.83	2.2109E-03
305.04	1.5704E-03
305.25	2.2774E-03
305.47	5.0242E-04
305.68	-1.3711E-03
305.89	7.0218E-04
306.11	3.6128E-03
306.32	1.5384E-03
306.53	3.0030E-04
306.74	2.6336E-03
306.96	1.1628E-03
307.17	7.2874E-04
307.38	1.2909E-03
307.60	1.4544E-03
307.81	3.5287E-03
308.02	1.0881E-03
308.23	2.3039E-04
308.45	4.2637E-04
308.66	1.6975E-03
308.87	9.8337E-04
309.08	4.6423E-03
309.30	9.1846E-04
309.51	2.6987E-03
309.72	1.6441E-03
309.94	7.5420E-04
310.15	2.7833E-03
310.36	2.2889E-03
310.57	2.9337E-04
310.79	8.1205E-04
311.00	1.7975E-03
311.21	-1.9520E-04
311.42	2.6297E-03
311.64	1.2597E-03
311.85	9.3312E-04
312.06	1.6712E-03
312.27	1.1885E-03
312.49	-7.9984E-04
312.70	1.9783E-03
312.91	4.1360E-04
313.12	3.8171E-04
313.34	9.7771E-04
313.55	1.9803E-03
313.76	2.1677E-03
313.97	1.1319E-03
314.19	8.7942E-04
314.40	2.9997E-03
314.61	1.0932E-03
314.82	-3.4463E-04
315.04	-2.5022E-04
315.25	1.1241E-03
315.46	6.8513E-04
315.67	1.8362E-03
315.88	-2.1715E-04
316.10	4.9612E-04
316.31	1.6134E-03
316.52	7.7493E-04
316.73	2.7944E-04
316.95	2.6638E-03
317.16	1.6047E-03
317.37	1.8455E-04
317.58	4.2951E-04
317.79	6.4380E-04
318.01	3.9806E-04
318.22	1.1674E-03
318.43	5.8484E-04
318.64	2.7724E-04
318.86	3.5477E-03
319.07	8.9503E-04
319.28	6.4776E-04
319.49	-9.2217E-05
319.70	1.1050E-03
319.92	1.5041E-03
320.13	7.6421E-04
320.34	2.1696E-03
320.55	-3.0462E-05
320.76	-3.0449E-04
320.98	1.4317E-03
321.19	1.8334E-03
321.40	3.9433E-03
321.61	2.8614E-03
321.82	9.4309E-04
322.04	5.7913E-04
322.25	1.3415E-03
322.46	1.8046E-03
322.67	1.9289E-03
322.88	2.9594E-03
323.09	4.9338E-04
323.31	2.4037E-03
323.52	-3.3697E-04
323.73	1.5939E-03
323.94	1.2919E-03
324.15	1.4746E-03
324.37	6.4461E-04
324.58	1.7153E-03
324.79	4.2131E-03
325.00	1.4278E-03
325.21	1.8218E-04
325.42	1.4863E-03
325.64	3.2709E-03
325.85	4.5423E-04
326.06	1.8415E-03
326.27	-6.9307E-04
326.48	6.9261E-04
326.69	2.8175E-03
326.91	2.2184E-03
327.12	8.9813E-04
327.33	2.3933E-04
327.54	1.6647E-03
327.75	5.0443E-04
327.96	4.7142E-03
328.18	8.9263E-05
328.39	-1.1949E-04
328.60	5.9794E-04
328.81	-1.4962E-04
329.02	1.4066E-03
329.23	2.2125E-03
329.44	-1.7916E-04
329.66	1.3127E-03
329.87	5.9575E-05
330.08	3.2414E-03
330.29	2.5852E-03
330.50	3.2283E-03
330.71	5.3186E-04
330.92	-7.9593E-04
331.14	9.4293E-04
331.35	1.5041E-03
331.56	2.0311E-03
331.77	1.9724E-03
331.98	2.1852E-03
332.19	5.3175E-04
332.40	8.5725E-04
332.62	4.4328E-04
332.83	2.0684E-04
333.04	-3.2481E-04
333.25	1.5118E-03
333.46	1.7801E-03
333.67	1.8747E-03
333.88	2.9868E-04
334.09	3.8989E-04
334.30	9.6747E-04
334.52	-7.0602E-04
334.73	-5.0361E-04
334.94	1.4585E-03
335.15	9.2679E-04
335.36	2.0681E-03
335.57	2.8212E-03
335.78	1.2300E-03
335.99	1.4054E-03
336.20	1.3674E-03
336.42	1.3883E-03
336.63	-1.0533E-03
336.84	9.8571E-04
337.05	5.3235E-04
337.26	1.6783E-03
337.47	3.2202E-04
337.68	8.7477E-04
337.89	1.0476E-03
338.10	3.4292E-03
338.31	-5.7483E-04
338.53	2.3793E-03
338.74	1.9722E-03
338.95	3.3138E-03
339.16	1.7728E-03
339.37	2.6273E-03
339.58	1.9377E-03
339.79	2.3015E-03
340.00	2.8386E-03
340.21	9.8792E-04
340.42	1.4156E-03
340.63	1.8557E-03
340.84	1.6783E-03
341.06	0.0000E00
341.27	1.9872E-03
341.48	6.8532E-04
341.69	7.8933E-04
341.90	2.0508E-03
342.11	2.6860E-04
342.32	2.0309E-03
342.53	3.3348E-03
342.74	5.8541E-04
342.95	-5.3262E-05
343.16	1.9996E-03
343.37	1.1207E-03
343.58	2.1436E-04
343.79	3.4919E-04
344.00	1.9181E-03
344.21	1.7381E-03
344.43	6.2803E-04
344.64	1.3176E-03
344.85	-4.6746E-04
345.06	1.1843E-03
345.27	-5.5148E-05
345.48	5.7959E-04
345.69	1.0547E-03
345.90	-1.3866E-03
346.11	7.4715E-04
346.32	1.9512E-03
346.53	1.3147E-03
346.74	1.6126E-03
346.95	2.1528E-03
347.16	1.0041E-03
347.37	2.1680E-03
347.58	2.1111E-03
347.79	5.3889E-04
348.00	-1.3927E-03
348.21	-4.8058E-04
348.42	1.0140E-03
348.63	2.5908E-03
348.84	4.2718E-04
349.05	2.1295E-04
349.26	1.6748E-03
349.47	1.5155E-03
349.68	6.3813E-04
349.89	1.2236E-03
350.10	1.0660E-03
350.31	3.9974E-04
350.52	2.1405E-04
350.74	1.6052E-04
350.95	7.2287E-04
351.16	5.8764E-04
351.37	-9.0728E-04
351.58	1.5950E-03
351.79	9.3105E-04
352.00	2.3970E-04
352.21	2.6293E-03
352.42	-3.4441E-04
352.63	1.8026E-03
352.84	2.4357E-03
353.05	3.7070E-04
353.26	1.8755E-03
353.47	-7.9353E-04
353.68	-5.3059E-05
353.89	1.5406E-03
354.10	1.6721E-03
354.31	1.9037E-03
354.52	1.4496E-03
354.73	7.8925E-05
354.93	7.8770E-05
355.14	1.2049E-03
355.35	4.6883E-04
355.56	6.7789E-04
355.77	-1.5626E-04
355.98	8.2997E-04
356.19	1.7365E-03
356.40	1.7833E-03
356.61	1.3709E-03
356.82	1.2190E-03
357.03	-4.1572E-04
357.24	7.5049E-04
357.45	1.0576E-03
357.66	-2.3296E-04
357.87	1.9357E-03
358.08	2.5825E-04
358.29	1.4474E-03
358.50	-8.0198E-04
358.71	1.0112E-03
358.92	2.0206E-03
359.13	1.1649E-03
359.34	4.1446E-04
359.55	2.5901E-05
359.76	-1.2945E-04
359.97	1.8322E-03
360.18	9.0398E-04
360.39	2.1621E-03
360.60	3.5918E-04
360.81	8.9601E-04
361.02	1.1002E-03
361.22	1.5109E-03
361.43	1.7404E-03
361.64	1.7586E-03
361.85	2.0894E-03
362.06	1.8400E-03
362.27	9.9623E-04
362.48	1.1209E-03
362.69	2.1119E-03
362.90	5.8769E-04
363.11	1.7873E-03
363.32	-7.6440E-05
363.53	1.2702E-03
363.74	1.7242E-03
363.95	1.7954E-03
364.16	2.4036E-03
364.37	1.2138E-03
364.57	-2.5338E-05
364.78	1.9812E-03
364.99	-6.8724E-04
365.20	5.3499E-04
365.41	7.6556E-04
365.62	-1.7848E-04
365.83	9.4311E-04
366.04	9.9173E-04
366.25	2.2854E-03
366.46	1.4987E-03
366.67	1.2170E-03
366.88	1.8297E-03
367.08	1.7732E-03
367.29	1.5382E-03
367.50	1.2079E-03
367.71	2.3604E-03
367.92	4.0251E-04
368.13	1.0306E-03
368.34	3.5193E-04
368.55	1.9552E-03
368.76	5.2493E-04
368.97	1.6969E-03
369.17	1.5958E-03
369.38	1.3229E-03
369.59	2.1800E-03
369.80	1.9527E-03
370.01	1.0033E-03
370.22	2.7599E-03
370.43	1.3086E-03
370.64	1.2907E-03
370.85	9.9501E-04
371.05	1.9458E-03
371.26	1.6656E-03
371.47	1.2765E-03
371.68	2.2924E-04
371.89	5.8545E-04
372.10	2.9566E-03
372.31	1.9394E-03
372.52	1.7132E-03
372.72	-1.7926E-04
372.93	5.1088E-04
373.14	1.3787E-03
373.35	2.0390E-04
373.56	1.2715E-03
373.77	6.5908E-04
373.98	5.0792E-04
374.19	1.5485E-03
374.39	1.2666E-03
374.60	1.8905E-03
374.81	1.0855E-03
375.02	1.4595E-03
375.23	1.1359E-03
375.44	2.4000E-03
375.65	-1.4128E-03
375.85	2.7805E-03
376.06	1.8969E-03
376.27	1.0867E-03
376.48	-4.0498E-04
376.69	1.3716E-03
376.90	1.5028E-03
377.10	1.0163E-04
377.31	1.4025E-03
377.52	1.6265E-03
377.73	1.9055E-03
377.94	8.4003E-04
378.15	1.1711E-03
378.36	2.2388E-03
378.56	1.3206E-03
378.77	2.5585E-03
378.98	1.1110E-03
379.19	1.9938E-03
379.40	1.4616E-03
379.61	2.0103E-03
379.81	1.1578E-03
380.02	6.0345E-04
380.23	-4.5222E-04
380.44	7.5278E-05
380.65	6.0261E-04
380.85	1.2357E-03
381.06	2.2729E-03
381.27	6.3257E-04
381.48	3.3435E-03
381.69	1.3157E-03
381.90	1.9473E-03
382.10	8.8357E-04
382.31	9.8116E-04
382.52	4.0171E-04
382.73	1.8611E-03
382.94	-7.5423E-05
383.14	1.3251E-03
383.35	2.3750E-03
383.56	1.3017E-03
383.77	2.0738E-03
383.98	1.0741E-03
384.18	1.1987E-03
384.39	9.2374E-04
384.60	2.0498E-03
384.81	1.4977E-04
385.02	2.4166E-03
385.22	1.5992E-03
385.43	2.6282E-03
385.64	1.9788E-03
385.85	1.7265E-03
386.06	3.2223E-03
386.26	1.8482E-03
386.47	4.5940E-03
386.68	3.6726E-03
386.89	5.2076E-03
387.09	6.7461E-03
387.30	6.7404E-03
387.51	8.8208E-03
387.72	1.1622E-02
387.93	1.0850E-02
388.13	1.2681E-02
388.34	1.3583E-02
388.55	1.6421E-02
388.76	2.0147E-02
388.96	2.0325E-02
389.17	2.1041E-02
389.38	2.1221E-02
389.59	2.3400E-02
389.79	2.5285E-02
390.00	2.3915E-02
390.21	2.4676E-02
390.42	2.7010E-02
390.62	2.5680E-02
390.83	2.4414E-02
391.04	2.5391E-02
391.25	2.4296E-02
391.45	2.3602E-02
391.66	2.3967E-02
391.87	2.6735E-02
392.08	2.5481E-02
392.28	2.4060E-02
392.49	2.6679E-02
392.70	2.4799E-02
392.91	2.6057E-02
393.11	2.6125E-02
393.32	2.7632E-02
393.53	2.8227E-02
393.74	3.3381E-02
393.94	3.3010E-02
394.15	3.5379E-02
394.36	3.6579E-02
394.57	3.9548E-02
394.77	4.1827E-02
394.98	4.6251E-02
395.19	4.7955E-02
395.39	5.1245E-02
395.60	5.3040E-02
395.81	5.5047E-02
396.02	5.6623E-02
396.22	6.3241E-02
396.43	6.5751E-02
396.64	6.7366E-02
396.84	6.8370E-02
397.05	7.0882E-02
397.26	7.4791E-02
397.47	7.4414E-02
397.67	7.8034E-02
397.88	7.6957E-02
398.09	8.0086E-02
398.29	8.1728E-02
398.50	8.2789E-02
398.71	8.7647E-02
398.92	8.6079E-02
399.12	8.7628E-02
399.33	9.0117E-02
399.54	8.7470E-02
399.74	9.2405E-02
399.95	9.2922E-02
400.16	9.2841E-02
400.36	9.2877E-02
400.57	9.4543E-02
400.78	9.4570E-02
400.98	9.8466E-02
401.19	1.0106E-01
401.40	9.7830E-02
401.60	9.7811E-02
401.81	1.0012E-01
402.02	1.0340E-01
402.23	1.0195E-01
402.43	1.0139E-01
402.64	1.0348E-01
402.85	1.0314E-01
403.05	1.0699E-01
403.26	1.0377E-01
403.47	1.0450E-01
403.67	1.0069E-01
403.88	1.0389E-01
404.09	1.0720E-01
404.29	1.0471E-01
404.50	1.0790E-01
404.71	1.0794E-01
404.91	1.0666E-01
405.12	1.0443E-01
405.33	1.1095E-01
405.53	1.1280E-01
405.74	1.1242E-01
405.94	1.0952E-01
406.15	1.1188E-01
406.36	1.1012E-01
406.56	1.0896E-01
406.77	1.1431E-01
406.98	1.1233E-01
407.18	1.1890E-01
407.39	1.1429E-01
407.60	1.2154E-01
407.80	1.1933E-01
408.01	1.1894E-01
408.22	1.1781E-01
408.42	1.2141E-01
408.63	1.2181E-01
408.83	1.2277E-01
409.04	1.1845E-01
409.25	1.2856E-01
409.45	1.2696E-01
409.66	1.2510E-01
409.87	1.2627E-01
410.07	1.2811E-01
410.28	1.2678E-01
410.49	1.3171E-01
410.69	1.2666E-01
410.90	1.3158E-01
411.10	1.3030E-01
411.31	1.2695E-01
411.52	1.2967E-01
411.72	1.3141E-01
411.93	1.3337E-01
412.13	1.2780E-01
412.34	1.3163E-01
412.55	1.3589E-01
412.75	1.3626E-01
412.96	1.3542E-01
413.16	1.3302E-01
413.37	1.3415E-01
413.58	1.2753E-01
413.78	1.3405E-01
413.99	1.3526E-01
414.19	1.3888E-01
414.40	1.4030E-01
414.61	1.3569E-01
414.81	1.3932E-01
415.02	1.3729E-01
415.22	1.4378E-01
415.43	1.3995E-01
415.64	1.4065E-01
415.84	1.4427E-01
416.05	1.4787E-01
416.25	1.3961E-01
416.46	1.4326E-01
416.67	1.4428E-01
416.87	1.5036E-01
417.08	1.4545E-01
417.28	1.4221E-01
417.49	1.3948E-01
417.69	1.4189E-01
417.90	1.4430E-01
418.11	1.4555E-01
418.31	1.4762E-01
418.52	1.4564E-01
418.72	1.4419E-01
418.93	1.4422E-01
419.13	1.4453E-01
419.34	1.4605E-01
419.54	1.4581E-01
419.75	1.4786E-01
419.96	1.4111E-01
420.16	1.4473E-01
420.37	1.4550E-01
420.57	1.4901E-01
420.78	1.4654E-01
420.98	1.4849E-01
421.19	1.5581E-01
421.39	1.4971E-01
421.60	1.5349E-01
421.81	1.5092E-01
422.01	1.5356E-01
422.22	1.5277E-01
422.42	1.5383E-01
422.63	1.6139E-01
422.83	1.5813E-01
423.04	1.6014E-01
423.24	1.5720E-01
423.45	1.6071E-01
423.65	1.6373E-01
423.86	1.6150E-01
424.06	1.6380E-01
424.27	1.5298E-01
424.48	1.6119E-01
424.68	1.6334E-01
424.89	1.6687E-01
425.09	1.5964E-01
425.30	1.6155E-01
425.50	1.6635E-01
425.71	1.6790E-01
425.91	1.6403E-01
426.12	1.6417E-01
426.32	1.6079E-01
426.53	1.6461E-01
426.73	1.6197E-01
426.94	1.5963E-01
427.14	1.5787E-01
427.35	1.6686E-01
427.55	1.5706E-01
427.76	1.6035E-01
427.96	1.6021E-01
428.17	1.5913E-01
428.37	1.6199E-01
428.58	1.5880E-01
428.78	1.5372E-01
428.99	1.5393E-01
429.19	1.5534E-01
429.40	1.5909E-01
429.60	1.5187E-01
429.81	1.4961E-01
430.01	1.5564E-01
430.22	1.4910E-01
430.42	1.5125E-01
430.63	1.4919E-01
430.83	1.5514E-01
431.04	1.5233E-01
431.24	1.5278E-01
431.45	1.5368E-01
431.65	1.5574E-01
431.86	1.5253E-01
432.06	1.6049E-01
432.26	1.5678E-01
432.47	1.5245E-01
432.67	1.5851E-01
432.88	1.5891E-01
433.08	1.5274E-01
433.29	1.5997E-01
433.49	1.6538E-01
433.70	1.6378E-01
433.90	1.6293E-01
434.11	1.6363E-01
434.31	1.6761E-01
434.52	1.6823E-01
434.72	1.6952E-01
434.93	1.7254E-01
435.13	1.7508E-01
435.33	1.7060E-01
435.54	1.7209E-01
435.74	1.7875E-01
435.95	1.7748E-01
436.15	1.7639E-01
436.36	1.7812E-01
436.56	1.7537E-01
436.77	1.8299E-01
436.97	1.7660E-01
437.17	1.8076E-01
437.38	1.7938E-01
437.58	1.8169E-01
437.79	1.8343E-01
437.99	1.8297E-01
438.20	1.8427E-01
438.40	1.8670E-01
438.60	1.8182E-01
438.81	1.8701E-01
439.01	1.8107E-01
439.22	1.8286E-01
439.42	1.8493E-01
439.63	1.8597E-01
439.83	1.8338E-01
440.03	1.8616E-01
440.24	1.8292E-01
440.44	1.8361E-01
440.65	1.8974E-01
440.85	1.8464E-01
441.05	1.8645E-01
441.26	1.8124E-01
441.46	1.8907E-01
441.67	1.8732E-01
441.87	1.8388E-01
442.08	1.8912E-01
442.28	1.8678E-01
442.48	1.8034E-01
442.69	1.8909E-01
442.89	1.8840E-01
443.10	1.9249E-01
443.30	1.8817E-01
443.50	1.8933E-01
443.71	1.9393E-01
443.91	1.8932E-01
444.11	1.8814E-01
444.32	1.9409E-01
444.52	1.9376E-01
444.73	1.8854E-01
444.93	1.9107E-01
445.13	1.9827E-01
445.34	2.0133E-01
445.54	1.9785E-01
445.75	1.9785E-01
445.95	1.9417E-01
446.15	1.9892E-01
446.36	1.9608E-01
446.56	2.0177E-01
446.76	1.9762E-01
446.97	2.0389E-01
447.17	2.0248E-01
447.38	1.9585E-01
447.58	1.9858E-01
447.78	1.9954E-01
447.99	2.0210E-01
448.19	2.0622E-01
448.39	2.0465E-01
448.60	1.9895E-01
448.80	2.0569E-01
449.00	2.0265E-01
449.21	1.9968E-01
449.41	2.0213E-01
449.61	2.0328E-01
449.82	2.0768E-01
450.02	2.0341E-01
450.23	2.0925E-01
450.43	2.0408E-01
450.63	2.0092E-01
450.84	2.0980E-01
451.04	2.0410E-01
451.24	2.0608E-01
451.45	2.1557E-01
451.65	2.1632E-01
451.85	2.1662E-01
452.06	2.2540E-01
452.26	2.2919E-01
452.46	2.3316E-01
452.67	2.4214E-01
452.87	2.4174E-01
453.07	2.4098E-01
453.28	2.4414E-01
453.48	2.3918E-01
453.68	2.3148E-01
453.89	2.3843E-01
454.09	2.3332E-01
454.29	2.4030E-01
454.49	2.4361E-01
454.70	2.3748E-01
454.90	2.3840E-01
455.10	2.4188E-01
455.31	2.3437E-01
455.51	2.3663E-01
455.71	2.3540E-01
455.92	2.3944E-01
456.12	2.3260E-01
456.32	2.3037E-01
456.53	2.2440E-01
456.73	2.3016E-01
456.93	2.3790E-01
457.13	2.2969E-01
457.34	2.3543E-01
457.54	2.3099E-01
457.74	2.3055E-01
457.95	2.3469E-01
458.15	2.2918E-01
458.35	2.3539E-01
458.56	2.3084E-01
458.76	2.3627E-01
458.96	2.3149E-01
459.16	2.3814E-01
459.37	2.3772E-01
459.57	2.4269E-01
459.77	2.3657E-01
459.97	2.4141E-01
460.18	2.4195E-01
460.38	2.4684E-01
460.58	2.5318E-01
460.79	2.4665E-01
460.99	2.5585E-01
461.19	2.5119E-01
461.39	2.5023E-01
461.60	2.4969E-01
461.80	2.5040E-01
462.00	2.4345E-01
462.20	2.5578E-01
462.41	2.5496E-01
462.61	2.5519E-01
462.81	2.4690E-01
463.01	2.5506E-01
463.22	2.5192E-01
463.42	2.5464E-01
463.62	2.5593E-01
463.82	2.5953E-01
464.03	2.7200E-01
464.23	2.6871E-01
464.43	2.8067E-01
464.63	2.7307E-01
464.84	2.7997E-01
465.04	2.8069E-01
465.24	2.7798E-01
465.44	2.7769E-01
465.65	2.8366E-01
465.85	2.8873E-01
466.05	2.9522E-01
466.25	3.0236E-01
466.46	3.0595E-01
466.66	2.8397E-01
466.86	2.9870E-01
467.06	3.0816E-01
467.26	3.0377E-01
467.47	2.9899E-01
467.67	2.9826E-01
467.87	3.0360E-01
468.07	3.1091E-01
468.28	2.9930E-01
468.48	3.0865E-01
468.68	3.0468E-01
468.88	3.1492E-01
469.08	3.1697E-01
469.29	3.1973E-01
469.49	3.2889E-01
469.69	3.3184E-01
469.89	3.4003E-01
470.09	3.3686E-01
470.30	3.4487E-01
470.50	3.5375E-01
470.70	3.4695E-01
470.90	3.5244E-01
471.10	3.5706E-01
471.31	3.5980E-01
471.51	3.5286E-01
471.71	3.5770E-01
471.91	3.6266E-01
472.11	3.6264E-01
472.32	3.5982E-01
472.52	3.5806E-01
472.72	3.5507E-01
472.92	3.5051E-01
473.12	3.4410E-01
473.33	3.4588E-01
473.53	3.4438E-01
473.73	3.4422E-01
473.93	3.4137E-01
474.13	3.2875E-01
474.33	3.3964E-01
474.54	3.4674E-01
474.74	3.3721E-01
474.94	3.4968E-01
475.14	3.6117E-01
475.34	3.5943E-01
475.54	3.6905E-01
475.75	3.7368E-01
475.95	3.6584E-01
476.15	3.5671E-01
476.35	3.5333E-01
476.55	3.5863E-01
476.75	3.5442E-01
476.96	3.4810E-01
477.16	3.3992E-01
477.36	3.3471E-01
477.56	3.2391E-01
477.76	3.2846E-01
477.96	3.2474E-01
478.16	3.2106E-01
478.37	3.1705E-01
478.57	3.1987E-01
478.77	3.1177E-01
478.97	3.1065E-01
479.17	3.1246E-01
479.37	3.0583E-01
479.57	3.0566E-01
479.78	3.0173E-01
479.98	3.0379E-01
480.18	3.0345E-01
480.38	3.0289E-01
480.58	2.9941E-01
480.78	2.9442E-01
480.98	2.9945E-01
481.18	3.0395E-01
481.39	3.0152E-01
481.59	3.0342E-01
481.79	2.9966E-01
481.99	2.9669E-01
482.19	3.0497E-01
482.39	3.0012E-01
482.59	3.0453E-01
482.79	3.1057E-01
483.00	3.0892E-01
483.20	3.1235E-01
483.40	3.1214E-01
483.60	3.1048E-01
483.80	3.2056E-01
484.00	3.2223E-01
484.20	3.1356E-01
484.40	3.2481E-01
484.60	3.1977E-01
484.80	3.1886E-01
485.01	3.2288E-01
485.21	3.2942E-01
485.41	3.1890E-01
485.61	3.2674E-01
485.81	3.2191E-01
486.01	3.2308E-01
486.21	3.1783E-01
486.41	3.2263E-01
486.61	3.1156E-01
486.81	3.1848E-01
487.01	3.1308E-01
487.22	3.1526E-01
487.42	3.1083E-01
487.62	3.0751E-01
487.82	3.1267E-01
488.02	3.0591E-01
488.22	3.0639E-01
488.42	3.0234E-01
488.62	3.0043E-01
488.82	3.0395E-01
489.02	3.0819E-01
489.22	2.9408E-01
489.42	3.0011E-01
489.62	2.9809E-01
489.82	3.0263E-01
490.02	2.9935E-01
490.23	2.9765E-01
490.43	3.0161E-01
490.63	3.0586E-01
490.83	3.0237E-01
491.03	3.0045E-01
491.23	2.9922E-01
491.43	2.9984E-01
491.63	3.0132E-01
491.83	3.0227E-01
492.03	3.0043E-01
492.23	2.9947E-01
492.43	3.0037E-01
492.63	3.0159E-01
492.83	3.0634E-01
493.03	2.9474E-01
493.23	3.0623E-01
493.43	3.0664E-01
493.63	3.0407E-01
493.83	3.0898E-01
494.03	3.1477E-01
494.23	3.1742E-01
494.43	3.1878E-01
494.63	3.1889E-01
494.83	3.2050E-01
495.03	3.1840E-01
495.23	3.1495E-01
495.43	3.2033E-01
495.63	3.1984E-01
495.84	3.1876E-01
496.04	3.1954E-01
496.24	3.1900E-01
496.44	3.1899E-01
496.64	3.1582E-01
496.84	3.1007E-01
497.04	3.0435E-01
497.24	3.0840E-01
497.44	3.0320E-01
497.64	3.0703E-01
497.84	3.0242E-01
498.04	2.9992E-01
498.24	3.0100E-01
498.44	3.0333E-01
498.64	2.9070E-01
498.84	2.9523E-01
499.04	2.9268E-01
499.24	2.9620E-01
499.44	2.9397E-01
499.64	2.9346E-01
499.84	2.9332E-01
500.03	2.8998E-01
500.23	2.8928E-01
500.43	2.9268E-01
500.63	2.8811E-01
500.83	2.8725E-01
501.03	2.8789E-01
501.23	2.8466E-01
501.43	2.8761E-01
501.63	2.8866E-01
501.83	2.8526E-01
502.03	2.8403E-01
502.23	2.8435E-01
502.43	2.8156E-01
502.63	2.8719E-01
502.83	2.8756E-01
503.03	2.8407E-01
503.23	2.8834E-01
503.43	2.7472E-01
503.63	2.8775E-01
503.83	2.8053E-01
504.03	2.8632E-01
504.23	2.8632E-01
504.43	2.8618E-01
504.63	2.8041E-01
504.83	2.8389E-01
505.03	2.8105E-01
505.23	2.8160E-01
505.42	2.8358E-01
505.62	2.7845E-01
505.82	2.8115E-01
506.02	2.7666E-01
506.22	2.8180E-01
506.42	2.7989E-01
506.62	2.8131E-01
506.82	2.7423E-01
507.02	2.7509E-01
507.22	2.7512E-01
507.42	2.7147E-01
507.62	2.7225E-01
507.82	2.6271E-01
508.02	2.7169E-01
508.22	2.6938E-01
508.41	2.6854E-01
508.61	2.6844E-01
508.81	2.6481E-01
509.01	2.6664E-01
509.21	2.6556E-01
509.41	2.6077E-01
509.61	2.6419E-01
509.81	2.6508E-01
510.01	2.6241E-01
510.21	2.5998E-01
510.41	2.5946E-01
510.60	2.6123E-01
510.80	2.5899E-01
511.00	2.5920E-01
511.20	2.5693E-01
511.40	2.5772E-01
511.60	2.5691E-01
511.80	2.5628E-01
512.00	2.5915E-01
512.20	2.5647E-01
512.40	2.5418E-01
512.59	2.5354E-01
512.79	2.5638E-01
512.99	2.5550E-01
513.19	2.5432E-01
513.39	2.5671E-01
513.59	2.5824E-01
513.79	2.5911E-01
513.99	2.5910E-01
514.19	2.5924E-01
514.38	2.5955E-01
514.58	2.6274E-01
514.78	2.5550E-01
514.98	2.6315E-01
515.18	2.6228E-01
515.38	2.5929E-01
515.58	2.6232E-01
515.77	2.6129E-01
515.97	2.6327E-01
516.17	2.6625E-01
516.37	2.6623E-01
516.57	2.6731E-01
516.77	2.6741E-01
516.97	2.6850E-01
517.16	2.6581E-01
517.36	2.6540E-01
517.56	2.6925E-01
517.76	2.6794E-01
517.96	2.7131E-01
518.16	2.6898E-01
518.36	2.7067E-01
518.55	2.7036E-01
518.75	2.7107E-01
518.95	2.7405E-01
519.15	2.7324E-01
519.35	2.7789E-01
519.55	2.7538E-01
519.74	2.7487E-01
519.94	2.7679E-01
520.14	2.7741E-01
520.34	2.7949E-01
520.54	2.8099E-01
520.74	2.7973E-01
520.93	2.7720E-01
521.13	2.7587E-01
521.33	2.7724E-01
521.53	2.8178E-01
521.73	2.7929E-01
521.93	2.7926E-01
522.12	2.8382E-01
522.32	2.8261E-01
522.52	2.8243E-01
522.72	2.8405E-01
522.92	2.8440E-01
523.11	2.8152E-01
523.31	2.8567E-01
523.51	2.8169E-01
523.71	2.8421E-01
523.91	2.8724E-01
524.10	2.8698E-01
524.30	2.8909E-01
524.50	2.8899E-01
524.70	2.9084E-01
524.90	2.8626E-01
525.09	2.8700E-01
525.29	2.8988E-01
525.49	2.8984E-01
525.69	2.8804E-01
525.89	2.8564E-01
526.08	2.9191E-01
526.28	2.9070E-01
526.48	2.8720E-01
526.68	2.8994E-01
526.87	2.8892E-01
527.07	2.9069E-01
527.27	2.9081E-01
527.47	2.8773E-01
527.67	2.9207E-01
527.86	2.9275E-01
528.06	2.9287E-01
528.26	2.9248E-01
528.46	2.9505E-01
528.65	2.9555E-01
528.85	2.9540E-01
529.05	2.9018E-01
529.25	2.9250E-01
529.44	2.9044E-01
529.64	2.9107E-01
529.84	2.9257E-01
530.04	2.9428E-01
530.23	2.9080E-01
530.43	2.9781E-01
530.63	2.9192E-01
530.83	2.8976E-01
531.02	2.9429E-01
531.22	2.9496E-01
531.42	2.9293E-01
531.62	2.8827E-01
531.81	2.9228E-01
532.01	2.8996E-01
532.21	2.9158E-01
532.41	2.9052E-01
532.60	2.9296E-01
532.80	2.9065E-01
533.00	2.8880E-01
533.20	2.8518E-01
533.39	2.9690E-01
533.59	2.8879E-01
533.79	2.8705E-01
533.99	2.9178E-01
534.18	2.8879E-01
534.38	2.8444E-01
534.58	2.8683E-01
534.77	2.9151E-01
534.97	2.8751E-01
535.17	2.8765E-01
535.37	2.9164E-01
535.56	2.8638E-01
535.76	2.9060E-01
535.96	2.8848E-01
536.15	2.9055E-01
536.35	2.8351E-01
536.55	2.8787E-01
536.74	2.8691E-01
536.94	2.8559E-01
537.14	2.8350E-01
537.34	2.8604E-01
537.53	2.8458E-01
537.73	2.8657E-01
537.93	2.8326E-01
538.12	2.8328E-01
538.32	2.8560E-01
538.52	2.8581E-01
538.71	2.8166E-01
538.91	2.8306E-01
539.11	2.8393E-01
539.30	2.8250E-01
539.50	2.8028E-01
539.70	2.8152E-01
539.90	2.8115E-01
540.09	2.8318E-01
540.29	2.8296E-01
540.49	2.7961E-01
540.68	2.7855E-01
540.88	2.7829E-01
541.08	2.8009E-01
541.27	2.8333E-01
541.47	2.7857E-01
541.67	2.7851E-01
541.86	2.8243E-01
542.06	2.7705E-01
542.26	2.8227E-01
542.45	2.8136E-01
542.65	2.8530E-01
542.85	2.8374E-01
543.04	2.8342E-01
543.24	2.8548E-01
543.43	2.8293E-01
543.63	2.8561E-01
543.83	2.8845E-01
544.02	2.8412E-01
544.22	2.9025E-01
544.42	2.8881E-01
544.61	2.9279E-01
544.81	2.8783E-01
545.01	2.8912E-01
545.20	2.9299E-01
545.40	2.9405E-01
545.60	2.9308E-01
545.79	2.9197E-01
545.99	2.9453E-01
546.18	2.9715E-01
546.38	2.9403E-01
546.58	2.9962E-01
546.77	3.0010E-01
546.97	2.9775E-01
547.17	3.0022E-01
547.36	2.9740E-01
547.56	2.9966E-01
547.75	3.0296E-01
547.95	3.0702E-01
548.15	3.0347E-01
548.34	3.0641E-01
548.54	3.0678E-01
548.73	3.0619E-01
548.93	3.0559E-01
549.13	3.1049E-01
549.32	3.0455E-01
549.52	3.0805E-01
549.71	3.1289E-01
549.91	3.1243E-01
550.11	3.0798E-01
550.30	3.1713E-01
550.50	3.1316E-01
550.69	3.1452E-01
550.89	3.1374E-01
551.09	3.1725E-01
551.28	3.1384E-01
551.48	3.1663E-01
551.67	3.1929E-01
551.87	3.1660E-01
552.07	3.1204E-01
552.26	3.2158E-01
552.46	3.1837E-01
552.65	3.2165E-01
552.85	3.2340E-01
553.04	3.2588E-01
553.24	3.2291E-01
553.44	3.2667E-01
553.63	3.2256E-01
553.83	3.2489E-01
554.02	3.2510E-01
554.22	3.2626E-01
554.41	3.2796E-01
554.61	3.3457E-01
554.81	3.2816E-01
555.00	3.3393E-01
555.20	3.3138E-01
555.39	3.3144E-01
555.59	3.3413E-01
555.78	3.2988E-01
555.98	3.2934E-01
556.17	3.3786E-01
556.37	3.3189E-01
556.56	3.3708E-01
556.76	3.3745E-01
556.96	3.4338E-01
557.15	3.3479E-01
557.35	3.4242E-01
557.54	3.4300E-01
557.74	3.3980E-01
557.93	3.3842E-01
558.13	3.4062E-01
558.32	3.4113E-01
558.52	3.4064E-01
558.71	3.4269E-01
558.91	3.4031E-01
559.10	3.4313E-01
559.30	3.4339E-01
559.49	3.4063E-01
559.69	3.4515E-01
559.89	3.4110E-01
560.08	3.4591E-01
560.28	3.3836E-01
560.47	3.4783E-01
560.67	3.4208E-01
560.86	3.4594E-01
561.06	3.4874E-01
561.25	3.4645E-01
561.45	3.4570E-01
561.64	3.4285E-01
561.84	3.4799E-01
562.03	3.4558E-01
562.23	3.4909E-01
562.42	3.4583E-01
562.62	3.4828E-01
562.81	3.4683E-01
563.01	3.5003E-01
563.20	3.4807E-01
563.40	3.5013E-01
563.59	3.5399E-01
563.79	3.4996E-01
563.98	3.5282E-01
564.18	3.4989E-01
564.37	3.5063E-01
564.57	3.5374E-01
564.76	3.5593E-01
564.95	3.5312E-01
565.15	3.5328E-01
565.34	3.5294E-01
565.54	3.5067E-01
565.73	3.5410E-01
565.93	3.5683E-01
566.12	3.5381E-01
566.32	3.5821E-01
566.51	3.5806E-01
566.71	3.5297E-01
566.90	3.5553E-01
567.10	3.6027E-01
567.29	3.5546E-01
567.49	3.5775E-01
567.68	3.5544E-01
567.87	3.5660E-01
568.07	3.5540E-01
568.26	3.5455E-01
568.46	3.5758E-01
568.65	3.5477E-01
568.85	3.5407E-01
569.04	3.5964E-01
569.24	3.5545E-01
569.43	3.5419E-01
569.62	3.5218E-01
569.82	3.5490E-01
570.01	3.5446E-01
570.21	3.5095E-01
570.40	3.4844E-01
570.60	3.5448E-01
570.79	3.5096E-01
570.99	3.5161E-01
571.18	3.5037E-01
571.37	3.5158E-01
571.57	3.5162E-01
571.76	3.4701E-01
571.96	3.5382E-01
572.15	3.5291E-01
572.34	3.4469E-01
572.54	3.4975E-01
572.73	3.4986E-01
572.93	3.4754E-01
573.12	3.5213E-01
573.32	3.5155E-01
573.51	3.4791E-01
573.70	3.5035E-01
573.90	3.5023E-01
574.09	3.5061E-01
574.29	3.5331E-01
574.48	3.4768E-01
574.67	3.5109E-01
574.87	3.5219E-01
575.06	3.5073E-01
575.26	3.5266E-01
575.45	3.5790E-01
575.64	3.4786E-01
575.84	3.5837E-01
576.03	3.5302E-01
576.23	3.5641E-01
576.42	3.5788E-01
576.61	3.5724E-01
576.81	3.5619E-01
577.00	3.6220E-01
577.19	3.5894E-01
577.39	3.6203E-01
577.58	3.6422E-01
577.78	3.5647E-01
577.97	3.6191E-01
578.16	3.6106E-01
578.36	3.6558E-01
578.55	3.6305E-01
578.74	3.6357E-01
578.94	3.6903E-01
579.13	3.6713E-01
579.32	3.6973E-01
579.52	3.7168E-01
579.71	3.6775E-01
579.91	3.6877E-01
580.10	3.7529E-01
580.29	3.7466E-01
580.49	3.7450E-01
580.68	3.7881E-01
580.87	3.7593E-01
581.07	3.7451E-01
581.26	3.7094E-01
581.45	3.7617E-01
581.65	3.7610E-01
581.84	3.7344E-01
582.03	3.7608E-01
582.23	3.7868E-01
582.42	3.7671E-01
582.61	3.7685E-01
582.81	3.7787E-01
583.00	3.7690E-01
583.19	3.7937E-01
583.39	3.7605E-01
583.58	3.7908E-01
583.77	3.6770E-01
583.97	3.7687E-01
584.16	3.7915E-01
584.35	3.7638E-01
584.55	3.7992E-01
584.74	3.7668E-01
584.93	3.7689E-01
585.13	3.7794E-01
585.32	3.7929E-01
585.51	3.7563E-01
585.71	3.7504E-01
585.90	3.7401E-01
586.09	3.7761E-01
586.28	3.8200E-01
586.48	3.7497E-01
586.67	3.7813E-01
586.86	3.7830E-01
587.06	3.7717E-01
587.25	3.8046E-01
587.44	3.8247E-01
587.64	3.7510E-01
587.83	3.7582E-01
588.02	3.7863E-01
588.21	3.7810E-01
588.41	3.7799E-01
588.60	3.7991E-01
588.79	3.7993E-01
588.99	3.7370E-01
589.18	3.7803E-01
589.37	3.8006E-01
589.56	3.7758E-01
589.76	3.7625E-01
589.95	3.7889E-01
590.14	3.7225E-01
590.33	3.7621E-01
590.53	3.7770E-01
590.72	3.7607E-01
590.91	3.7656E-01
591.11	3.7225E-01
591.30	3.7796E-01
591.49	3.8089E-01
591.68	3.7467E-01
591.88	3.7903E-01
592.07	3.8152E-01
592.26	3.7715E-01
592.45	3.7511E-01
592.65	3.7746E-01
592.84	3.7319E-01
593.03	3.7475E-01
593.22	3.7644E-01
593.42	3.7708E-01
593.61	3.7515E-01
593.80	3.7212E-01
593.99	3.7417E-01
594.19	3.7520E-01
594.38	3.7668E-01
594.57	3.7775E-01
594.76	3.7172E-01
594.95	3.7308E-01
595.15	3.7259E-01
595.34	3.7889E-01
595.53	3.7022E-01
595.72	3.7560E-01
595.92	3.7166E-01
596.11	3.6913E-01
596.30	3.7455E-01
596.49	3.7426E-01
596.68	3.6983E-01
596.88	3.7092E-01
597.07	3.6852E-01
597.26	3.6961E-01
597.45	3.6448E-01
597.65	3.6646E-01
597.84	3.7021E-01
598.03	3.6700E-01
598.22	3.6772E-01
598.41	3.6142E-01
598.61	3.6383E-01
598.80	3.6826E-01
598.99	3.6446E-01
599.18	3.6157E-01
599.37	3.6701E-01
599.57	3.6674E-01
599.76	3.6071E-01
599.95	3.6590E-01
600.14	3.6619E-01
600.33	3.6246E-01
600.52	3.6644E-01
600.72	3.6552E-01
600.91	3.6136E-01
601.10	3.6081E-01
601.29	3.6230E-01
601.48	3.6143E-01
601.68	3.6431E-01
601.87	3.5868E-01
602.06	3.5999E-01
602.25	3.6371E-01
602.44	3.6514E-01
602.63	3.6107E-01
602.83	3.6307E-01
603.02	3.6080E-01
603.21	3.6426E-01
603.40	3.6306E-01
603.59	3.6728E-01
603.78	3.6648E-01
603.98	3.6422E-01
604.17	3.6484E-01
604.36	3.6597E-01
604.55	3.5787E-01
604.74	3.6505E-01
604.93	3.6578E-01
605.12	3.6573E-01
605.32	3.6503E-01
605.51	3.6657E-01
605.70	3.6998E-01
605.89	3.6984E-01
606.08	3.6624E-01
606.27	3.6950E-01
606.46	3.7310E-01
606.66	3.6229E-01
606.85	3.7130E-01
607.04	3.6705E-01
607.23	3.7222E-01
607.42	3.7354E-01
607.61	3.6805E-01
607.80	3.7314E-01
607.99	3.7174E-01
608.19	3.6926E-01
608.38	3.7013E-01
608.57	3.7474E-01
608.76	3.7543E-01
608.95	3.7483E-01
609.14	3.7423E-01
609.33	3.7144E-01
609.52	3.7167E-01
609.71	3.7207E-01
609.91	3.7127E-01
610.10	3.8134E-01
610.29	3.7442E-01
610.48	3.7696E-01
610.67	3.6823E-01
610.86	3.7864E-01
611.05	3.7410E-01
611.24	3.7399E-01
611.43	3.7991E-01
611.62	3.7191E-01
611.82	3.7603E-01
612.01	3.7777E-01
612.20	3.7714E-01
612.39	3.7170E-01
612.58	3.8092E-01
612.77	3.7336E-01
612.96	3.7458E-01
613.15	3.7460E-01
613.34	3.7513E-01
613.53	3.7651E-01
613.72	3.7091E-01
613.91	3.8191E-01
614.10	3.7024E-01
614.30	3.7892E-01
614.49	3.7718E-01
614.68	3.7619E-01
614.87	3.7759E-01
615.06	3.7647E-01
615.25	3.7536E-01
615.44	3.7691E-01
615.63	3.7442E-01
615.82	3.7720E-01
616.01	3.7072E-01
616.20	3.7334E-01
616.39	3.7796E-01
616.58	3.6989E-01
616.77	3.7329E-01
616.96	3.7291E-01
617.15	3.7149E-01
617.34	3.6903E-01
617.53	3.7073E-01
617.72	3.7275E-01
617.92	3.7449E-01
618.11	3.7151E-01
618.30	3.6867E-01
618.49	3.6825E-01
618.68	3.6625E-01
618.87	3.6646E-01
619.06	3.6802E-01
619.25	3.6546E-01
619.44	3.6677E-01
619.63	3.7113E-01
619.82	3.6317E-01
620.01	3.6842E-01
620.20	3.5967E-01
620.39	3.6261E-01
620.58	3.6139E-01
620.77	3.6408E-01
620.96	3.6121E-01
621.15	3.5829E-01
621.34	3.6082E-01
621.53	3.5197E-01
621.72	3.6073E-01
621.91	3.6091E-01
622.10	3.5446E-01
622.29	3.6179E-01
622.48	3.5078E-01
622.67	3.5449E-01
622.86	3.5570E-01
623.05	3.5088E-01
623.24	3.4972E-01
623.43	3.5213E-01
623.62	3.5072E-01
623.81	3.5260E-01
624.00	3.4949E-01
624.19	3.5616E-01
624.38	3.5241E-01
624.57	3.4752E-01
624.76	3.5684E-01
624.95	3.5245E-01
625.14	3.5179E-01
625.33	3.5291E-01
625.52	3.4950E-01
625.71	3.4453E-01
625.90	3.5092E-01
626.09	3.4964E-01
626.27	3.4959E-01
626.46	3.4773E-01
626.65	3.5231E-01
626.84	3.4728E-01
627.03	3.4892E-01
627.22	3.5386E-01
627.41	3.5109E-01
627.60	3.5122E-01
627.79	3.4918E-01
627.98	3.5115E-01
628.17	3.5008E-01
628.36	3.4885E-01
628.55	3.5243E-01
628.74	3.4940E-01
628.93	3.5152E-01
629.12	3.5052E-01
629.31	3.5150E-01
629.50	3.5114E-01
629.69	3.5402E-01
629.88	3.4812E-01
630.06	3.5029E-01
630.25	3.5763E-01
630.44	3.5333E-01
630.63	3.5646E-01
630.82	3.5548E-01
631.01	3.5701E-01
631.20	3.5670E-01
631.39	3.5858E-01
631.58	3.5630E-01
631.77	3.6373E-01
631.96	3.5719E-01
632.15	3.6073E-01
632.33	3.5415E-01
632.52	3.6055E-01
632.71	3.6140E-01
632.90	3.5937E-01
633.09	3.6566E-01
633.28	3.6245E-01
633.47	3.6471E-01
633.66	3.6154E-01
633.85	3.6250E-01
634.04	3.6117E-01
634.23	3.6310E-01
634.41	3.6350E-01
634.60	3.6085E-01
634.79	3.6331E-01
634.98	3.6316E-01
635.17	3.6331E-01
635.36	3.5965E-01
635.55	3.5907E-01
635.74	3.6265E-01
635.92	3.6306E-01
636.11	3.5757E-01
636.30	3.6573E-01
636.49	3.6215E-01
636.68	3.6541E-01
636.87	3.6113E-01
637.06	3.6265E-01
637.25	3.6760E-01
637.43	3.6507E-01
637.62	3.6200E-01
637.81	3.6265E-01
638.00	3.6321E-01
638.19	3.6070E-01
638.38	3.6202E-01
638.57	3.5741E-01
638.75	3.6135E-01
638.94	3.5567E-01
639.13	3.6288E-01
639.32	3.5519E-01
639.51	3.5904E-01
639.70	3.5641E-01
639.89	3.6116E-01
640.07	3.5564E-01
640.26	3.6035E-01
640.45	3.5669E-01
640.64	3.6141E-01
640.83	3.5487E-01
641.02	3.5306E-01
641.20	3.5256E-01
641.39	3.5211E-01
641.58	3.5396E-01
641.77	3.5555E-01
641.96	3.4980E-01
642.15	3.5687E-01
642.33	3.5043E-01
642.52	3.4880E-01
642.71	3.4946E-01
642.90	3.4914E-01
643.09	3.4568E-01
643.28	3.5767E-01
643.46	3.4137E-01
643.65	3.5662E-01
643.84	3.4378E-01
644.03	3.4836E-01
644.22	3.3876E-01
644.40	3.4736E-01
644.59	3.4792E-01
644.78	3.4576E-01
644.97	3.4683E-01
645.16	3.4431E-01
645.34	3.4582E-01
645.53	3.4673E-01
645.72	3.4087E-01
645.91	3.4467E-01
646.10	3.4634E-01
646.28	3.4536E-01
646.47	3.4173E-01
646.66	3.4213E-01
646.85	3.4566E-01
647.03	3.4160E-01
647.22	3.4223E-01
647.41	3.5087E-01
647.60	3.4473E-01
647.79	3.4149E-01
647.97	3.4111E-01
648.16	3.4224E-01
648.35	3.4156E-01
648.54	3.4136E-01
648.72	3.4374E-01
648.91	3.4448E-01
649.10	3.4115E-01
649.29	3.3821E-01
649.47	3.4791E-01
649.66	3.4268E-01
649.85	3.4218E-01
650.04	3.4791E-01
650.23	3.4305E-01
650.41	3.4413E-01
650.60	3.4307E-01
650.79	3.4685E-01
650.98	3.4594E-01
651.16	3.4318E-01
651.35	3.4807E-01
651.54	3.4582E-01
651.72	3.4721E-01
651.91	3.4971E-01
652.10	3.4313E-01
652.29	3.4658E-01
652.47	3.4342E-01
652.66	3.5020E-01
652.85	3.4996E-01
653.04	3.4907E-01
653.22	3.4378E-01
653.41	3.4871E-01
653.60	3.4877E-01
653.79	3.4388E-01
653.97	3.3817E-01
654.16	3.4337E-01
654.35	3.3733E-01
654.53	3.3849E-01
654.72	3.3946E-01
654.91	3.3847E-01
655.10	3.4284E-01
655.28	3.3585E-01
655.47	3.3735E-01
655.66	3.3926E-01
655.84	3.3681E-01
656.03	3.3675E-01
656.22	3.3606E-01
656.40	3.3126E-01
656.59	3.3486E-01
656.78	3.2931E-01
656.97	3.3395E-01
657.15	3.3192E-01
657.34	3.2498E-01
657.53	3.3060E-01
657.71	3.3267E-01
657.90	3.3088E-01
658.09	3.3399E-01
658.27	3.2919E-01
658.46	3.2593E-01
658.65	3.3305E-01
658.83	3.2940E-01
659.02	3.2284E-01
659.21	3.2517E-01
659.39	3.3454E-01
659.58	3.2977E-01
659.77	3.2642E-01
659.95	3.2324E-01
660.14	3.2882E-01
660.33	3.2480E-01
660.51	3.2892E-01
660.70	3.2883E-01
660.89	3.3045E-01
661.07	3.2678E-01
661.26	3.2423E-01
661.45	3.2564E-01
661.63	3.2911E-01
661.82	3.2622E-01
662.01	3.2963E-01
662.19	3.2379E-01
662.38	3.2369E-01
662.57	3.2367E-01
662.75	3.2930E-01
662.94	3.2801E-01
663.12	3.2625E-01
663.31	3.2923E-01
663.50	3.2435E-01
663.68	3.2685E-01
663.87	3.3006E-01
664.06	3.2505E-01
664.24	3.2919E-01
664.43	3.2980E-01
664.61	3.2369E-01
664.80	3.3031E-01
664.99	3.2928E-01
665.17	3.2787E-01
665.36	3.3399E-01
665.55	3.3229E-01
665.73	3.3109E-01
665.92	3.3638E-01
666.10	3.2946E-01
666.29	3.3547E-01
666.48	3.3484E-01
666.66	3.3079E-01
666.85	3.3274E-01
667.03	3.3642E-01
667.22	3.3800E-01
667.41	3.3883E-01
667.59	3.3767E-01
667.78	3.3984E-01
667.96	3.4211E-01
668.15	3.4347E-01
668.34	3.3449E-01
668.52	3.4106E-01
668.71	3.4019E-01
668.89	3.4319E-01
669.08	3.4685E-01
669.27	3.4613E-01
669.45	3.4480E-01
669.64	3.4970E-01
669.82	3.5091E-01
670.01	3.4904E-01
670.19	3.5450E-01
670.38	3.4985E-01
670.57	3.5567E-01
670.75	3.4901E-01
670.94	3.5786E-01
671.12	3.5543E-01
671.31	3.5786E-01
671.49	3.5981E-01
671.68	3.6151E-01
671.86	3.6247E-01
672.05	3.5688E-01
672.24	3.6302E-01
672.42	3.6251E-01
672.61	3.6224E-01
672.79	3.6723E-01
672.98	3.6588E-01
673.16	3.6567E-01
673.35	3.6919E-01
673.53	3.6725E-01
673.72	3.7084E-01
673.90	3.7167E-01
674.09	3.6907E-01
674.28	3.7153E-01
674.46	3.7880E-01
674.65	3.7769E-01
674.83	3.7167E-01
675.02	3.7554E-01
675.20	3.8024E-01
675.39	3.7998E-01
675.57	3.8122E-01
675.76	3.8205E-01
675.94	3.8009E-01
676.13	3.7909E-01
676.31	3.8134E-01
676.50	3.8342E-01
676.68	3.8525E-01
676.87	3.8290E-01
677.05	3.8261E-01
677.24	3.9325E-01
677.42	3.8801E-01
677.61	3.8211E-01
677.79	3.9353E-01
677.98	3.8555E-01
678.16	3.8850E-01
678.35	3.9523E-01
678.53	3.9338E-01
678.72	3.9494E-01
678.90	3.9248E-01
679.09	3.9350E-01
679.27	3.9108E-01
679.46	3.9588E-01
679.64	3.9589E-01
679.83	3.8824E-01
680.01	3.9670E-01
680.20	3.9279E-01
680.38	3.9596E-01
680.57	3.9452E-01
680.75	3.9030E-01
680.94	3.9215E-01
681.12	3.9481E-01
681.31	3.9437E-01
681.49	3.9684E-01
681.68	3.9484E-01
681.86	4.0015E-01
682.04	3.9238E-01
682.23	3.9777E-01
682.41	3.8978E-01
682.60	3.9861E-01
682.78	3.9690E-01
682.97	3.9763E-01
683.15	3.9406E-01
683.34	3.9188E-01
683.52	3.9524E-01
683.71	3.9801E-01
683.89	3.9053E-01
684.07	3.9425E-01
684.26	3.9036E-01
684.44	3.9886E-01
684.63	3.9103E-01
684.81	4.0171E-01
685.00	3.9784E-01
685.18	3.9763E-01
685.37	4.0314E-01
685.55	4.0069E-01
685.73	3.9571E-01
685.92	4.0494E-01
686.10	4.0446E-01
686.29	4.0886E-01
686.47	4.0480E-01
686.65	4.0943E-01
686.84	3.9396E-01
687.02	4.0799E-01
687.21	4.0482E-01
687.39	4.0453E-01
687.58	4.0556E-01
687.76	4.0429E-01
687.94	4.0483E-01
688.13	3.9982E-01
688.31	3.9829E-01
688.50	4.0141E-01
688.68	4.0315E-01
688.86	4.0045E-01
689.05	3.9680E-01
689.23	3.9123E-01
689.42	3.9141E-01
689.60	3.9369E-01
689.78	3.9776E-01
689.97	3.8996E-01
690.15	3.9562E-01
690.34	3.9517E-01
690.52	3.8639E-01
690.70	3.9198E-01
690.89	3.9319E-01
691.07	3.8778E-01
691.25	3.8732E-01
691.44	3.9258E-01
691.62	3.8741E-01
691.81	3.9468E-01
691.99	3.8727E-01
692.17	3.8794E-01
692.36	3.9925E-01
692.54	3.9379E-01
692.72	3.9025E-01
692.91	3.9357E-01
693.09	3.9229E-01
693.27	3.9524E-01
693.46	3.9271E-01
693.64	3.9650E-01
693.83	3.8868E-01
694.01	3.9332E-01
694.19	3.9353E-01
694.38	3.9295E-01
694.56	3.9451E-01
694.74	3.9577E-01
694.93	3.9410E-01
695.11	3.9342E-01
695.29	3.9318E-01
695.48	3.9470E-01
695.66	3.8965E-01
695.84	4.0046E-01
696.03	3.8358E-01
696.21	3.9197E-01
696.39	3.9484E-01
696.58	3.9412E-01
696.76	3.9641E-01
696.94	3.9229E-01
697.13	3.8318E-01
697.31	3.9674E-01
697.49	3.8829E-01
697.68	3.8839E-01
697.86	3.8883E-01
698.04	3.8783E-01
698.22	3.9241E-01
698.41	3.8955E-01
698.59	3.8755E-01
698.77	3.8846E-01
698.96	3.8939E-01
699.14	3.8449E-01
699.32	3.7834E-01
699.51	3.8585E-01
699.69	3.8281E-01
699.87	3.7938E-01
700.06	3.7833E-01
700.24	3.8563E-01
700.42	3.7297E-01
700.60	3.8154E-01
700.79	3.7432E-01
700.97	3.7678E-01
701.15	3.7253E-01
701.34	3.7576E-01
701.52	3.7399E-01
701.70	3.7055E-01
701.88	3.6749E-01
702.07	3.7161E-01
702.25	3.6004E-01
702.43	3.6467E-01
702.61	3.6152E-01
702.80	3.5910E-01
702.98	3.5345E-01
703.16	3.6069E-01
703.34	3.5600E-01
703.53	3.5467E-01
703.71	3.5472E-01
703.89	3.4849E-01
704.08	3.5178E-01
704.26	3.4375E-01
704.44	3.4502E-01
704.62	3.4254E-01
704.81	3.4249E-01
704.99	3.4219E-01
705.17	3.3927E-01
705.35	3.3327E-01
705.54	3.3383E-01
705.72	3.2649E-01
705.90	3.2295E-01
706.08	3.1919E-01
706.26	3.1865E-01
706.45	3.1833E-01
706.63	3.1766E-01
706.81	3.1344E-01
706.99	3.0946E-01
707.18	3.1042E-01
707.36	3.0617E-01
707.54	3.0719E-01
707.72	3.0261E-01
707.90	2.9799E-01
708.09	2.9944E-01
708.27	2.9430E-01
708.45	2.9438E-01
708.63	2.9167E-01
708.82	2.8586E-01
709.00	2.8434E-01
709.18	2.8623E-01
709.36	2.7934E-01
709.54	2.8303E-01
709.73	2.7589E-01
709.91	2.7297E-01
710.09	2.7423E-01
710.27	2.7103E-01
710.45	2.7043E-01
710.64	2.7397E-01
710.82	2.6339E-01
711.00	2.6252E-01
711.18	2.5961E-01
711.36	2.5961E-01
711.54	2.5649E-01
711.73	2.5638E-01
711.91	2.5608E-01
712.09	2.5510E-01
712.27	2.4967E-01
712.45	2.5029E-01
712.64	2.5038E-01
712.82	2.4577E-01
713.00	2.4430E-01
713.18	2.5128E-01
713.36	2.4286E-01
713.54	2.3840E-01
713.73	2.4331E-01
713.91	2.4080E-01
714.09	2.3743E-01
714.27	2.3787E-01
714.45	2.3405E-01
714.63	2.3714E-01
714.82	2.3644E-01
715.00	2.3345E-01
715.18	2.3096E-01
715.36	2.2945E-01
715.54	2.3130E-01
715.72	2.2898E-01
715.90	2.2711E-01
716.09	2.2319E-01
716.27	2.2084E-01
716.45	2.2147E-01
716.63	2.1666E-01
716.81	2.1656E-01
716.99	2.2024E-01
717.17	2.1509E-01
717.35	2.1426E-01
717.54	2.1224E-01
717.72	2.0850E-01
717.90	2.0594E-01
718.08	2.1262E-01
718.26	2.0344E-01
718.44	1.9928E-01
718.62	2.0121E-01
718.80	2.0223E-01
718.99	1.9926E-01
719.17	1.9312E-01
719.35	1.9488E-01
719.53	1.9262E-01
719.71	1.9048E-01
719.89	1.8723E-01
720.07	1.8397E-01
720.25	1.8145E-01
720.43	1.8163E-01
720.61	1.8029E-01
720.80	1.7786E-01
720.98	1.7507E-01
721.16	1.7195E-01
721.34	1.7523E-01
721.52	1.7073E-01
721.70	1.6133E-01
721.88	1.6388E-01
722.06	1.6393E-01
722.24	1.5418E-01
722.42	1.5147E-01
722.60	1.4937E-01
722.78	1.4870E-01
722.97	1.4688E-01
723.15	1.3971E-01
723.33	1.3699E-01
723.51	1.3849E-01
723.69	1.3361E-01
723.87	1.2995E-01
724.05	1.3149E-01
724.23	1.2534E-01
724.41	1.2224E-01
724.59	1.2185E-01
724.77	1.1991E-01
724.95	1.1493E-01
725.13	1.1212E-01
725.31	1.1040E-01
725.49	1.1406E-01
725.67	1.0409E-01
725.85	1.0545E-01
726.03	1.0539E-01
726.22	9.8517E-02
726.40	9.7985E-02
726.58	9.9285E-02
726.76	9.3625E-02
726.94	9.5751E-02
727.12	9.1071E-02
727.30	8.8100E-02
727.48	8.7097E-02
727.66	8.6442E-02
727.84	8.3073E-02
728.02	7.9122E-02
728.20	8.1297E-02
728.38	8.3213E-02
728.56	7.7910E-02
728.74	7.5035E-02
728.92	7.2455E-02
729.10	7.2527E-02
729.28	6.7592E-02
729.46	6.5857E-02
729.64	6.5461E-02
729.82	6.3373E-02
730.00	6.5668E-02
730.18	6.1720E-02
730.36	5.7455E-02
730.54	5.5144E-02
730.72	5.5016E-02
730.90	5.9062E-02
731.08	5.7150E-02
731.26	5.3307E-02
731.44	5.0559E-02
731.62	4.8397E-02
731.80	5.0830E-02
731.98	5.0617E-02
732.16	5.0154E-02
732.34	4.6934E-02
732.52	4.6164E-02
732.70	4.6312E-02
732.88	4.7275E-02
733.06	4.3048E-02
733.24	4.3712E-02
733.42	4.0063E-02
733.60	3.9639E-02
733.78	3.8754E-02
733.96	3.8471E-02
734.14	3.8861E-02
734.32	3.5563E-02
734.50	3.4430E-02
734.67	3.2456E-02
734.85	3.3776E-02
735.03	3.4647E-02
735.21	3.5086E-02
735.39	3.5249E-02
735.57	3.0981E-02
735.75	3.0692E-02
735.93	2.6659E-02
736.11	2.6827E-02
736.29	3.0477E-02
736.47	2.5100E-02
736.65	2.8928E-02
736.83	2.6326E-02
737.01	2.8768E-02
737.19	2.4170E-02
737.37	2.0682E-02
737.55	2.2247E-02
737.72	2.5488E-02
737.90	2.2366E-02
738.08	2.1141E-02
738.26	2.0606E-02
738.44	2.1273E-02
738.62	1.7702E-02
738.80	1.8238E-02
738.98	1.5798E-02
739.16	2.0105E-02
739.34	1.6531E-02
739.52	1.5955E-02
739.70	2.0111E-02
739.87	1.2444E-02
740.05	1.6734E-02
740.23	1.5607E-02
740.41	1.5037E-02
740.59	1.8813E-02
740.77	1.2535E-02
740.95	1.1863E-02
741.13	1.5768E-02
741.31	1.4252E-02
741.49	1.6684E-02
741.66	1.4122E-02
741.84	1.4222E-02
742.02	1.4189E-02
742.20	1.1430E-02
742.38	1.4324E-02
742.56	1.2134E-02
742.74	1.4994E-02
742.92	1.1179E-02
743.09	1.3201E-02
743.27	1.4408E-02
743.45	9.7793E-03
743.63	1.4108E-02
743.81	1.0726E-02
743.99	1.2404E-02
744.17	8.2673E-03
744.35	1.0570E-02
744.52	9.9738E-03
744.70	8.9592E-03
744.88	9.1909E-03
745.06	1.1199E-02
745.24	1.0072E-02
745.42	1.0727E-02
745.59	1.0857E-02
745.77	8.6630E-03
745.95	7.9909E-03
746.13	9.3259E-03
746.31	1.1142E-02
746.49	9.7327E-03
746.67	5.6458E-03
746.84	9.7136E-03
747.02	7.5929E-03
747.20	1.0859E-02
747.38	6.1033E-03
747.56	7.1280E-03
747.74	6.7018E-03
747.91	1.0142E-02
748.09	8.3813E-03
748.27	8.8701E-03
748.45	9.0846E-03
748.63	9.2448E-03
748.80	8.1650E-03
748.98	1.0206E-02
749.16	7.5231E-03
749.34	9.4557E-03
749.52	7.0926E-03
749.69	8.8103E-03
749.87	7.6788E-03
750.05	7.3968E-03
750.23	8.4674E-03
750.41	9.2117E-03
750.59	8.0308E-03
750.76	6.6332E-03
750.94	8.3903E-03
751.12	6.3539E-03
751.30	5.1183E-03
751.47	4.8442E-03
751.65	7.0204E-03
751.83	8.2288E-03
752.01	7.4851E-03
752.19	7.2093E-03
752.36	1.1865E-02
752.54	4.6534E-03
752.72	8.1851E-03
752.90	9.3393E-03
753.07	1.0534E-02
753.25	9.2656E-03
753.43	4.7336E-03
753.61	1.0081E-02
753.79	6.3519E-03
753.96	5.9762E-03
754.14	4.7104E-03
754.32	7.6858E-03
754.50	1.0868E-02
754.67	6.1599E-03
754.85	9.4425E-03
755.03	7.9730E-03
755.21	7.9115E-03
755.38	5.9275E-03
755.56	9.8271E-03
755.74	8.5736E-03
755.92	5.0886E-03
756.09	1.0801E-02
756.27	5.5483E-03
756.45	2.5395E-03
756.63	6.1664E-03
756.80	6.6766E-03
756.98	6.0065E-03
757.16	6.7807E-03
757.33	5.5367E-03
757.51	7.0340E-03
757.69	7.7078E-03
757.87	6.0021E-03
758.04	7.5537E-03
758.22	8.6933E-03
758.40	5.9014E-03
758.58	5.7962E-03
758.75	3.4179E-03
758.93	3.8870E-03
759.11	7.3620E-03
759.28	5.7596E-03
759.46	8.1992E-03
759.64	8.6695E-03
759.81	4.7762E-03
759.99	3.0658E-03
760.17	6.2412E-03
760.35	2.8620E-03
760.52	7.1397E-03
760.70	6.0498E-03
760.88	3.7056E-03
761.05	4.3881E-03
761.23	5.7547E-03
761.41	8.1703E-03
761.58	1.0696E-02
761.76	3.9391E-03
761.94	6.8330E-03
762.11	4.1546E-03
762.29	4.9525E-03
762.47	5.3795E-03
762.65	4.1184E-03
762.82	8.4016E-03
763.00	6.4594E-03
763.18	7.6807E-03
763.35	5.6791E-03
763.53	7.4932E-03
763.71	2.9275E-03
763.88	5.2806E-03
764.06	2.6734E-04
764.23	7.4412E-03
764.41	3.7563E-03
764.59	5.1649E-03
764.76	2.0481E-03
764.94	6.5337E-03
765.12	3.5723E-03
765.29	4.7165E-03
765.47	2.3905E-03
765.65	3.3201E-03
765.82	5.5641E-03
766.00	6.1761E-03
766.18	4.1106E-03
766.35	5.2712E-03
766.53	4.3464E-03
766.71	5.0164E-03
766.88	5.0833E-03
767.06	2.9347E-03
767.23	5.7731E-03
767.41	5.3930E-03
767.59	3.6808E-03
767.76	7.4864E-03
767.94	6.8364E-03
768.12	4.0408E-03
768.29	6.1379E-03
768.47	4.1155E-03
768.64	5.8266E-03
768.82	6.7455E-03
769.00	3.0694E-03
769.17	4.9562E-03
769.35	8.5760E-04
769.52	3.4938E-03
769.70	2.7018E-03
769.88	2.7072E-03
770.05	2.7728E-03
770.23	7.5189E-03
770.40	3.5984E-03
770.58	5.4695E-03
770.76	3.2673E-03
770.93	3.3935E-03
771.11	3.9328E-03
771.28	9.9991E-04
771.46	1.8275E-03
771.63	-1.0629E-03
771.81	1.4817E-03
771.99	4.6345E-03
772.16	5.0673E-03
772.34	5.3210E-03
772.51	3.2961E-03
772.69	3.6073E-03
772.87	3.1940E-03
773.04	3.7475E-03
773.22	5.7021E-03
773.39	1.0349E-03
773.57	4.1505E-03
773.74	4.1600E-03
773.92	1.1667E-03
774.09	2.8914E-03
774.27	-6.7902E-04
774.45	-6.1933E-04
774.62	2.6072E-03
774.80	-2.4936E-04
774.97	1.6879E-03
775.15	-1.8811E-04
775.32	2.8298E-03
775.50	2.9670E-03
775.67	3.4203E-03
775.85	3.1115E-03
776.02	4.1450E-03
776.20	3.5800E-03
776.37	1.3467E-03
776.55	1.9313E-04
776.73	0.0000E00
776.90	6.4067E-03
777.08	1.4269E-03
777.25	2.9913E-03
777.43	3.2614E-03
777.60	5.3638E-03
777.78	4.0693E-03
777.95	4.1455E-03
778.13	-7.2618E-04
778.30	3.2438E-03
778.48	3.9160E-03
778.65	-2.8588E-03
778.83	1.6674E-03
779.00	1.9406E-03
779.18	2.7546E-03
779.35	3.5036E-03
779.53	3.0408E-03
779.70	2.1689E-03
779.88	3.5371E-03
780.05	1.5015E-03
780.23	2.4640E-03
780.40	-9.6191E-04
780.58	2.7598E-04
780.75	-2.2133E-03
780.93	1.7358E-03
781.10	5.7110E-03
781.28	-9.0806E-04
781.45	2.5243E-03
781.63	0.0000E00
781.80	-6.3506E-04
781.98	2.6198E-03
782.15	1.0664E-03
782.32	2.7079E-03
782.50	8.5809E-04
782.67	4.3100E-04
782.85	0.0000E00
783.02	7.2293E-04
783.20	-5.0776E-04
783.37	2.9105E-03
783.55	6.5728E-04
783.72	1.4654E-03
783.90	-8.0838E-04
784.07	-8.8504E-04
784.25	3.4055E-03
784.42	2.2285E-03
784.59	1.1924E-03
784.77	-6.7314E-04
784.94	2.8501E-03
785.12	3.0873E-03
785.29	-3.3988E-03
785.47	3.1815E-03
785.64	1.5196E-04
785.81	-6.8582E-04
785.99	-8.4082E-04
786.16	-2.2234E-03
786.34	2.8461E-03
786.51	2.6997E-03
786.69	-1.7029E-03
786.86	-1.5533E-04
787.03	2.5701E-03
787.21	2.1869E-03
787.38	-5.4897E-04
787.56	6.2145E-03
787.73	2.6057E-03
787.91	2.9302E-03
788.08	3.6525E-03
788.25	4.2207E-03
788.43	3.8341E-03
788.60	1.8422E-03
788.78	1.2858E-03
788.95	-1.6912E-03
789.12	2.1006E-03
789.30	-6.4799E-04
789.47	4.9561E-03
789.65	2.4435E-03
789.82	3.1884E-03
789.99	6.4799E-03
790.17	7.8971E-03
790.34	3.7960E-03
790.51	2.7334E-03
790.69	-5.5669E-03
790.86	1.3348E-03
791.04	2.8488E-03
791.21	-2.5243E-04
791.38	1.8596E-03
791.56	2.9717E-03
791.73	2.5543E-03
791.90	7.6992E-04
792.08	4.2957E-03
792.25	2.5876E-04
792.43	3.2041E-03
792.60	-9.5522E-04
792.77	2.8771E-03
792.95	4.8102E-03
793.12	-3.5071E-04
793.29	8.7914E-04
793.47	4.2305E-03
793.64	-1.3265E-03
793.81	1.7740E-03
793.99	1.2442E-03
794.16	-2.7647E-03
794.33	1.0725E-03
794.51	3.8589E-03
794.68	-8.9994E-04
794.85	5.1453E-03
795.03	5.4319E-04
795.20	3.8136E-03
795.37	4.2810E-03
795.55	1.5532E-03
795.72	-4.4932E-03
795.89	2.1176E-03
796.07	2.7704E-04
796.24	3.5250E-03
796.41	-2.7895E-04
796.59	3.5474E-03
796.76	4.1162E-03
796.93	3.2882E-03
797.11	-1.2259E-03
797.28	-4.2628E-03
797.45	7.1320E-03
797.63	-9.5406E-04
797.80	-2.4900E-03
797.97	9.6046E-04
798.14	-3.8573E-04
798.32	-3.0002E-03
798.49	1.2621E-03
798.66	3.0254E-03
798.84	4.2100E-03
799.01	3.5385E-03
799.18	-6.1058E-03
799.35	9.9860E-03
799.53	-3.2717E-03
799.70	-3.1843E-03
799.87	2.3967E-03
800.05	1.1011E-03
800.22	1.8083E-03
800.39	4.1327E-03
800.56	3.4366E-03
800.74	-2.6378E-03
800.91	6.6106E-03
801.08	1.7342E-03
801.26	-2.0456E-04
801.43	4.8282E-03
801.60	1.7520E-03
801.77	6.5115E-03
801.95	-4.3547E-03
802.12	7.2825E-04
802.29	3.4453E-03
802.46	7.3290E-04
802.64	-2.9399E-03
802.81	6.0108E-03
802.98	-7.4102E-04
803.15	5.5217E-03
803.33	8.4131E-03
803.50	-2.7776E-03
803.67	7.5096E-04
803.84	-1.7224E-03
804.02	-2.1600E-04
804.19	2.4922E-03
804.36	1.0875E-04
804.53	1.7460E-03
804.70	5.9085E-03
804.88	4.7269E-03
805.05	5.7391E-03
805.22	-3.0974E-03
805.39	-6.6627E-04
805.57	-1.8939E-03
805.74	3.9112E-03
805.91	1.3463E-03
806.08	3.6044E-03
806.25	-1.0183E-03
806.43	1.1347E-04
806.60	2.0511E-03
806.77	-5.7102E-03
806.94	-2.7493E-03
807.11	-1.3815E-03
807.29	3.5821E-03
807.46	1.1242E-02
807.63	2.2106E-03
807.80	1.4012E-03
807.97	5.6214E-03
808.15	5.7557E-03
808.32	3.0666E-03
808.49	6.9812E-03
808.66	7.1194E-04
808.83	1.1439E-02
809.01	1.6722E-03
809.18	7.5517E-03
809.35	3.0088E-03
809.52	3.0204E-03
809.69	2.4235E-04
809.86	-1.8242E-03
810.04	4.3940E-03
810.21	-3.0600E-03
810.38	-1.2295E-03
810.55	3.0882E-03
810.72	1.6097E-03
810.89	-2.2399E-03
811.07	-1.3739E-03
811.24	3.6363E-03
811.41	5.6612E-03
811.58	-2.6517E-03
811.75	5.7021E-03
811.92	1.0936E-02
812.10	6.3846E-03
812.27	1.0113E-02
812.44	-1.1568E-03
812.61	3.3554E-03
812.78	-3.4960E-03
812.95	4.2866E-03
813.12	9.2560E-03
813.30	2.4843E-03
813.47	-9.1937E-04
813.64	1.5827E-03
813.81	9.6583E-03
813.98	1.1955E-03
814.15	7.3306E-03
814.32	-4.0103E-04
814.49	-4.2938E-03
814.67	-5.3795E-04
814.84	2.4293E-03
815.01	2.9786E-03
815.18	7.4792E-03
815.35	1.3917E-02
815.52	1.4779E-02
815.69	-1.7861E-03
815.86	4.5490E-03
816.03	-1.3844E-03
816.21	-3.7512E-03
816.38	-2.7898E-03
816.55	5.3264E-03
816.72	-1.6889E-03
816.89	1.0027E-02
817.06	-2.5526E-03
817.23	2.8485E-03
817.40	6.7149E-03
817.57	1.0042E-02
817.74	4.3217E-03
817.91	6.7965E-03
818.09	2.0324E-03
818.26	4.3702E-04
818.43	4.3862E-04
818.60	4.2548E-03
818.77	5.0069E-03
818.94	4.5808E-03
819.11	7.1157E-03
819.28	3.8696E-03
819.45	1.1945E-03
819.62	-7.4865E-04
819.79	9.9054E-03
819.96	6.0284E-04
820.13	4.5335E-04
820.30	5.4603E-03
820.48	-7.6180E-04
820.65	-2.2934E-03
820.82	5.5213E-03
820.99	3.6958E-03
821.16	5.8715E-03
821.33	6.8208E-03
821.50	3.1136E-04
821.67	2.8135E-03
821.84	-2.5101E-03
822.01	8.0359E-03
822.18	2.5316E-03
822.35	-1.1259E-02
822.52	7.1692E-03
822.69	-1.0866E-02
822.86	8.1788E-03
823.03	7.0826E-03
823.20	-8.0814E-04
823.37	4.0564E-03
823.54	6.5214E-04
823.71	-6.5387E-03
823.88	-4.9262E-03
824.05	6.9197E-03
824.22	-4.9601E-04
824.39	1.3276E-03
824.56	-2.6667E-03
824.73	-1.8404E-03
824.90	9.5757E-03
825.07	4.0448E-03
825.24	-5.7554E-03
825.41	1.3587E-03
825.58	1.9119E-02
825.75	-4.9699E-03
825.92	2.4093E-03
826.09	5.1887E-04
826.26	5.5568E-03
826.43	4.8809E-03
826.60	8.0524E-03
826.77	6.1564E-03
826.94	4.0669E-03
827.11	1.0999E-02
827.28	1.3532E-02
827.45	1.1617E-02
827.62	1.0229E-02
827.79	9.0010E-03
827.96	-8.1331E-03
828.13	2.5390E-03
828.30	4.0055E-03
828.47	-7.3109E-04
828.64	-1.8334E-04
828.81	1.6178E-02
828.98	5.5409E-04
829.15	8.3383E-03
829.32	3.7204E-03
829.49	3.9212E-03
829.66	4.8731E-03
829.83	6.9671E-03
830.00	1.8896E-04
830.17	6.4600E-03
830.34	8.5788E-03
830.50	-2.1053E-03
830.67	4.4231E-03
830.84	-7.7137E-04
831.01	-5.6193E-03
831.18	5.4414E-03
831.35	-9.7508E-04
831.52	1.2152E-02
831.69	-2.3591E-03
831.86	-4.9450E-03
832.03	3.9690E-03
832.20	3.7915E-03
832.37	-3.0106E-03
832.54	-5.2479E-03
832.71	1.1183E-02
832.87	1.5555E-02
833.04	-3.2971E-03
833.21	3.3168E-03
833.38	5.2056E-03
833.55	1.4647E-03
833.72	6.2953E-03
833.89	8.4358E-04
834.06	-5.4888E-03
834.23	4.2340E-04
834.40	4.8764E-03
834.57	6.1443E-03
834.73	8.4904E-03
834.90	1.3832E-02
835.07	9.1611E-03
835.24	-2.1357E-04
835.41	-5.9962E-03
835.58	9.4487E-03
835.75	-1.6777E-02
835.92	8.8632E-03
836.09	-4.7736E-03
836.25	-1.3068E-03
836.42	4.3785E-04
836.59	-3.7368E-03
836.76	3.0850E-03
836.93	1.1741E-02
837.10	-1.1121E-03
837.27	6.4761E-03
837.43	3.1393E-03
837.60	7.4373E-03
837.77	-4.7499E-03
837.94	3.6344E-03
838.11	5.2443E-03
838.28	-7.1019E-03
838.45	1.3798E-03
838.61	-8.7800E-03
838.78	-4.1735E-03
838.95	-5.3541E-03
839.12	1.2392E-02
839.29	8.2179E-03
839.46	-1.6500E-03
839.63	-8.2872E-03
839.79	7.1295E-03
839.96	1.3378E-02
840.13	-2.6366E-03
840.30	4.0912E-03
840.47	4.8319E-03
840.64	2.1834E-03
840.80	5.8471E-03
840.97	1.1989E-02
841.14	1.0568E-02
841.31	-9.8741E-04
841.48	-1.4869E-03
841.64	4.4800E-03
841.81	-6.5003E-03
841.98	5.5277E-03
842.15	2.5223E-03
842.32	1.2416E-02
842.49	7.8848E-03
842.65	-4.3443E-03
842.82	1.2049E-02
842.99	1.8780E-02
843.16	1.3952E-02
843.33	1.2460E-02
843.49	3.3825E-03
843.66	1.8285E-03
843.83	8.9181E-03
844.00	1.0274E-02
844.17	8.4580E-03
844.33	6.8997E-03
844.50	6.6635E-03
844.67	-2.9713E-02
844.84	7.5313E-03
845.00	-7.5543E-03
845.17	-5.6868E-03
845.34	-5.1763E-03
845.51	-5.4698E-04
845.68	1.9779E-02
845.84	-1.1038E-03
846.01	5.2705E-03
846.18	2.5072E-03
846.35	6.9943E-03
846.51	5.6233E-04
846.68	-3.3898E-03
846.85	1.2204E-02
847.02	-2.8525E-04
847.18	5.7252E-03
847.35	1.2372E-02
847.52	-9.8235E-03
847.69	1.3936E-02
847.85	2.9172E-04
848.02	1.0558E-02
848.19	4.1249E-03
848.36	-1.4808E-03
848.52	4.1617E-03
848.69	3.2872E-03
848.86	1.5001E-02
849.03	-5.1269E-03
849.19	6.0522E-04
849.36	4.5597E-03
849.53	-5.7993E-03
849.69	7.0474E-03
849.86	3.9983E-03
850.03	-1.4508E-02
850.20	-9.2899E-04
850.36	-1.0272E-02
850.53	-1.6245E-02
850.70	7.8435E-03
850.86	-1.0079E-02
851.03	1.2663E-03
851.20	7.3066E-03
851.37	-3.8310E-03
851.53	6.4164E-04
851.70	-6.4451E-04
851.87	-8.4187E-03
852.03	1.9524E-03
852.20	-2.8099E-02
852.37	9.5267E-03
852.53	6.9250E-03
852.70	2.9850E-03
852.87	-3.6611E-03
853.04	-1.1710E-02
853.20	0.0000E00
853.37	5.7342E-03
853.54	1.0846E-02
853.70	2.9279E-02
853.87	-5.4678E-03
854.04	1.5109E-02
854.20	1.4830E-02
854.37	1.2482E-02
854.54	2.2636E-02
854.70	1.4011E-02
854.87	1.1263E-02
855.04	4.2453E-03
855.20	1.0656E-02
855.37	2.4955E-03
855.54	-7.8780E-03
855.70	2.8821E-03
855.87	1.1593E-02
856.04	-4.0008E-03
856.20	1.5713E-02
856.37	1.4314E-02
856.53	2.9480E-03
856.70	1.5547E-02
856.87	1.1521E-02
857.03	3.7369E-03
857.20	-1.0891E-02
857.37	5.2836E-03
857.53	5.6862E-03
857.70	1.9776E-02
857.87	4.2046E-03
858.03	3.0707E-03
858.20	-3.8557E-04
858.36	1.5876E-02
858.53	1.2445E-02
858.70	1.2898E-02
858.86	2.4333E-02
859.03	1.7748E-02
859.20	1.3465E-02
859.36	1.6689E-02
859.53	1.3180E-02
859.69	1.5637E-02
859.86	6.0451E-03
860.03	-2.8319E-03
860.19	6.9114E-03
860.36	-6.9412E-03
860.52	1.7236E-02
860.69	-3.3791E-02
860.86	1.2844E-02
861.02	2.5407E-02
861.19	1.6322E-02
861.35	2.3140E-02
861.52	-2.1556E-02
861.68	2.1239E-03
861.85	1.2831E-03
862.02	2.5830E-03
862.18	5.1925E-03
862.35	-1.9135E-02
862.51	1.6179E-02
862.68	3.0761E-03
862.85	-1.6353E-02
863.01	2.3144E-02
863.18	1.9686E-02
863.34	-1.3510E-03
863.51	-3.1734E-03
863.67	-1.8213E-03
863.84	3.0196E-02
864.00	-1.1961E-02
864.17	1.7117E-02
864.34	1.9073E-02
864.50	1.8707E-02
864.67	1.1762E-02
864.83	4.1083E-02
865.00	-1.8057E-02
865.16	-1.6242E-02
865.33	1.0556E-02
865.49	-1.8341E-02
865.66	-2.5709E-02
865.82	-2.4916E-02
865.99	1.8161E-02
866.16	1.4807E-03
866.32	1.1417E-02
866.49	2.4932E-03
866.65	-4.5127E-03
866.82	-2.4668E-02
866.98	1.9235E-02
867.15	1.7790E-02
867.31	0.0000E00
867.48	-1.2861E-02
867.64	1.4975E-02
867.81	1.9213E-02
867.97	-3.3967E-02
868.14	-2.6244E-02
868.30	8.4364E-03
868.47	3.1840E-03
868.63	3.7377E-02
868.80	-3.1694E-02
868.96	9.2074E-03
869.13	2.1754E-03
869.29	-2.6779E-02
869.46	1.9241E-02
869.62	-2.1554E-02
869.79	3.2208E-02
869.95	6.7056E-03
870.12	-3.3738E-03
870.28	3.0521E-02
870.45	6.8206E-03
870.61	1.0863E-02
870.78	-2.2990E-03
870.94	4.0540E-03
871.11	-1.7462E-03
871.27	2.2292E-02
871.43	5.3140E-03
871.60	2.4983E-02
871.76	-6.5878E-03
871.93	1.5083E-02
872.09	2.2477E-02
872.26	-2.2015E-02
872.42	2.5220E-02
872.59	2.4117E-02
872.75	-2.8648E-02
872.92	-1.2532E-03
873.08	1.5106E-02
873.25	-3.7395E-02
873.41	3.7558E-02
873.57	1.8592E-02
873.74	1.3535E-02
873.90	5.1866E-03
874.07	0.0000E00
874.23	4.5927E-03
874.40	-1.3217E-03
874.56	-8.6479E-03
874.72	1.3411E-02
874.89	3.3777E-02
875.05	-2.0414E-02
875.22	-2.1238E-02
875.38	2.0675E-03
875.55	2.5005E-02
875.71	-2.4459E-02
875.87	3.5221E-03
876.04	1.5612E-02
876.20	-1.0001E-02
876.37	3.8785E-02
876.53	1.6598E-02
876.69	1.8165E-02
876.86	-2.1935E-03
877.02	4.7918E-02
877.19	2.0039E-02
877.35	5.5204E-02
877.51	1.7310E-02
877.68	2.6481E-02
877.84	7.6151E-03
878.01	-5.9838E-02
878.17	2.8602E-02
878.33	3.8913E-03
878.50	3.4463E-02
878.66	7.0215E-02
878.83	-1.3494E-02
878.99	4.2301E-02
879.15	-2.7352E-02
879.32	-2.7506E-02
879.48	7.6608E-02
879.64	4.1034E-02
879.81	2.2291E-02
879.97	-2.5770E-02
880.14	1.9265E-02
880.30	-8.4317E-04
880.46	3.1410E-02
880.63	2.0516E-02
880.79	-1.5505E-02
880.95	1.8221E-02
881.12	-8.7435E-03
881.28	-2.4635E-02
881.44	6.3746E-02
881.61	-1.5156E-02
881.77	1.9732E-02
881.93	5.6866E-02
882.10	4.9085E-02
882.26	1.2791E-02
882.42	-7.0011E-02
882.59	6.2184E-02
882.75	2.5241E-02
882.91	-4.6105E-02
883.08	-9.4781E-04
883.24	-7.6338E-03
883.40	1.4411E-02
883.57	8.7932E-02
883.73	8.4715E-02
883.89	4.6981E-02
884.06	-3.9431E-03
884.22	2.8708E-02
884.38	2.4959E-02
884.55	-2.4087E-02
884.71	5.0482E-02
884.87	-6.0953E-03
885.04	1.1253E-02
885.20	4.3215E-02
885.36	2.2897E-02
885.52	3.0209E-02
885.69	5.2513E-03
885.85	5.2513E-03
