178.13	0.0000E00
178.35	0.0000E00
178.57	0.0000E00
178.79	-0.0000E00
179.01	0.0000E00
179.23	-0.0000E00
179.45	-0.0000E00
179.67	0.0000E00
179.89	0.0000E00
180.11	-0.0000E00
180.33	0.0000E00
180.55	0.0000E00
180.77	-0.0000E00
180.99	-0.0000E00
181.21	-0.0000E00
181.43	0.0000E00
181.65	0.0000E00
181.87	0.0000E00
182.09	-0.0000E00
182.31	0.0000E00
182.53	0.0000E00
182.75	0.0000E00
182.97	0.0000E00
183.19	-0.0000E00
183.41	-0.0000E00
183.63	0.0000E00
183.85	0.0000E00
184.07	0.0000E00
184.29	0.0000E00
184.51	-0.0000E00
184.73	0.0000E00
184.95	-0.0000E00
185.17	0.0000E00
185.39	0.0000E00
185.61	0.0000E00
185.83	-0.0000E00
186.05	-0.0000E00
186.27	0.0000E00
186.48	0.0000E00
186.70	-0.0000E00
186.92	0.0000E00
187.14	0.0000E00
187.36	0.0000E00
187.58	0.0000E00
187.80	0.0000E00
188.02	-0.0000E00
188.24	0.0000E00
188.46	0.0000E00
188.68	0.0000E00
188.90	-0.0000E00
189.12	0.0000E00
189.34	0.0000E00
189.56	0.0000E00
189.78	-0.0000E00
190.00	0.0000E00
190.22	-0.0000E00
190.44	0.0000E00
190.66	0.0000E00
190.88	-0.0000E00
191.09	-0.0000E00
191.31	0.0000E00
191.53	0.0000E00
191.75	0.0000E00
191.97	0.0000E00
192.19	0.0000E00
192.41	-0.0000E00
192.63	0.0000E00
192.85	0.0000E00
193.07	0.0000E00
193.29	-0.0000E00
193.51	0.0000E00
193.73	0.0000E00
193.95	0.0000E00
194.16	0.0000E00
194.38	0.0000E00
194.60	0.0000E00
194.82	0.0000E00
195.04	0.0000E00
195.26	0.0000E00
195.48	0.0000E00
195.70	0.0000E00
195.92	0.0000E00
196.14	0.0000E00
196.36	0.0000E00
196.58	0.0000E00
196.79	-0.0000E00
197.01	0.0000E00
197.23	-0.0000E00
197.45	0.0000E00
197.67	0.0000E00
197.89	-0.0000E00
198.11	0.0000E00
198.33	0.0000E00
198.55	0.0000E00
198.77	0.0000E00
198.98	0.0000E00
199.20	0.0000E00
199.42	-0.0000E00
199.64	0.0000E00
199.86	0.0000E00
200.08	1.5568E-01
200.30	-3.5046E-02
200.52	1.2822E-01
200.74	7.8439E-02
200.95	9.7054E-03
201.17	2.5082E-01
201.39	2.7993E-01
201.61	1.3845E-01
201.83	2.9118E-01
202.05	-9.3514E-02
202.27	3.9954E-03
202.49	1.7810E-01
202.71	2.1312E-01
202.92	2.6564E-02
203.14	-4.1196E-02
203.36	-1.1439E-02
203.58	1.5785E-01
203.80	9.2697E-02
204.02	1.1770E-01
204.24	8.9857E-02
204.45	1.4021E-01
204.67	1.3533E-01
204.89	2.9715E-01
205.11	7.0910E-03
205.33	7.6988E-02
205.55	1.7486E-01
205.77	-7.5013E-02
205.99	-6.7538E-02
206.20	4.1064E-02
206.42	-1.0220E-01
206.64	1.5737E-01
206.86	6.0463E-02
207.08	-3.5343E-02
207.30	-3.7502E-02
207.51	6.8338E-02
207.73	-1.6643E-02
207.95	1.8307E-01
208.17	9.0125E-02
208.39	1.4278E-01
208.61	-6.6580E-02
208.83	5.2973E-02
209.04	6.4330E-02
209.26	2.4386E-03
209.48	-1.0329E-01
209.70	5.8838E-02
209.92	3.6618E-02
210.14	-6.8008E-03
210.35	0.0000E00
210.57	1.1720E-01
210.79	-1.9700E-02
211.01	7.7818E-02
211.23	4.2421E-02
211.45	1.6731E-02
211.66	1.1715E-01
211.88	7.4926E-02
212.10	4.0021E-03
212.32	-8.7044E-02
212.54	8.9812E-02
212.76	2.8909E-02
212.97	7.9706E-02
213.19	-1.1047E-01
213.41	1.6607E-01
213.63	7.1145E-02
213.85	-1.2576E-02
214.06	1.6043E-02
214.28	-3.8615E-02
214.50	-2.2646E-02
214.72	9.1358E-02
214.94	8.5035E-02
215.16	-1.8472E-02
215.37	2.1546E-02
215.59	4.9053E-02
215.81	3.8848E-02
216.03	7.5105E-02
216.25	6.7712E-02
216.46	5.4315E-02
216.68	-8.7701E-02
216.90	5.1562E-02
217.12	-1.4932E-03
217.34	1.4786E-03
217.55	3.9640E-02
217.77	1.4604E-02
217.99	8.2650E-02
218.21	-1.4245E-03
218.43	5.4759E-02
218.64	-5.5494E-03
218.86	8.3183E-02
219.08	9.3877E-03
219.30	-5.8263E-02
219.51	1.8366E-02
219.73	5.7054E-02
219.95	-2.3041E-02
220.17	2.5175E-03
220.39	3.9624E-02
220.60	2.8239E-02
220.82	4.8736E-02
221.04	3.9873E-02
221.26	5.3937E-02
221.47	2.1343E-02
221.69	-5.8617E-03
221.91	2.3222E-02
222.13	-1.1473E-02
222.35	6.2418E-02
222.56	1.0145E-02
222.78	3.5887E-02
223.00	4.8814E-02
223.22	4.0553E-02
223.43	8.7517E-02
223.65	5.5455E-02
223.87	1.0933E-01
224.09	-2.9067E-02
224.30	8.3427E-02
224.52	3.5757E-02
224.74	2.2308E-02
224.96	7.2576E-02
225.17	2.3984E-02
225.39	2.0775E-02
225.61	2.1469E-02
225.83	2.2210E-02
226.04	2.2986E-02
226.26	3.2370E-02
226.48	-6.4227E-02
226.70	3.4598E-02
226.91	-1.1148E-02
227.13	-5.5243E-03
227.35	6.6347E-02
227.57	-3.7615E-02
227.78	5.5762E-02
228.00	1.7581E-03
228.22	-6.0994E-03
228.44	3.1069E-02
228.65	7.6167E-02
228.87	7.3803E-02
229.09	2.6091E-02
229.31	9.1491E-03
229.52	-4.1155E-02
229.74	-5.7194E-03
229.96	8.0973E-04
230.18	8.0314E-04
230.39	2.0616E-02
230.61	7.0770E-03
230.83	2.1070E-02
231.04	-3.1086E-02
231.26	6.9342E-03
231.48	2.2883E-03
231.70	4.5392E-03
231.91	1.4987E-03
232.13	-4.4552E-03
232.35	-4.4360E-03
232.56	5.2118E-02
232.78	-5.1170E-03
233.00	-6.5458E-03
233.22	2.0903E-02
233.43	1.2115E-02
233.65	0.0000E00
233.87	3.5141E-03
234.08	4.3238E-02
234.30	1.7316E-02
234.52	1.9225E-02
234.74	2.7140E-03
234.95	-3.3619E-03
235.17	3.1317E-02
235.39	2.6505E-03
235.60	6.5792E-03
235.82	1.1728E-02
236.04	-2.3247E-02
236.25	2.1775E-02
236.47	3.7980E-03
236.69	2.1959E-02
236.90	4.9017E-02
237.12	-2.2224E-02
237.34	-6.7441E-03
237.56	4.4618E-02
237.77	1.8777E-02
237.99	-2.5360E-02
238.21	-3.6058E-03
238.42	5.3791E-03
238.64	2.3749E-03
238.86	3.2539E-02
239.07	3.4625E-02
239.29	2.2817E-02
239.51	3.8294E-02
239.72	4.6077E-03
239.94	9.6922E-03
240.16	2.0399E-02
240.37	-1.2904E-02
240.59	2.0635E-02
240.81	2.8711E-02
241.02	0.0000E00
241.24	-1.0883E-02
241.46	3.1932E-02
241.67	5.8980E-03
241.89	2.4610E-02
242.11	1.4837E-02
242.32	4.2193E-03
242.54	1.5708E-03
242.76	-4.6934E-03
242.97	-1.5526E-03
243.19	3.0956E-03
243.41	3.0833E-03
243.62	-1.0737E-02
243.84	1.0177E-02
244.06	-4.5662E-03
244.27	1.5597E-02
244.49	3.0646E-02
244.70	5.0017E-03
244.92	-6.9620E-03
245.14	9.3740E-03
245.35	1.0783E-02
245.57	1.3619E-02
245.79	2.2977E-02
246.00	-8.2676E-03
246.22	2.0749E-02
246.44	6.2282E-03
246.65	2.0005E-02
246.87	4.2542E-03
247.09	6.1004E-03
247.30	2.0108E-02
247.52	1.1619E-02
247.73	1.0644E-02
247.95	-1.3813E-03
248.17	-6.7705E-03
248.38	-2.6787E-03
248.60	2.9271E-02
248.82	1.8072E-02
249.03	2.6257E-02
249.25	1.8791E-02
249.46	3.9136E-03
249.68	1.7726E-02
249.90	2.4970E-02
250.11	-6.8480E-03
250.33	3.4899E-02
250.54	2.0326E-02
250.76	3.3379E-02
250.98	7.1674E-03
251.19	8.3996E-03
251.41	1.7158E-02
251.63	-8.3169E-03
251.84	3.3087E-03
252.06	3.7031E-03
252.27	8.9961E-03
252.49	0.0000E00
252.71	2.8989E-02
252.92	3.0770E-02
253.14	9.7904E-03
253.35	1.2839E-02
253.57	-3.8646E-03
253.79	-3.8487E-03
254.00	2.4104E-02
254.22	3.0480E-02
254.43	1.4034E-02
254.65	7.9255E-03
254.86	1.1670E-02
255.08	4.8732E-03
255.30	-8.3370E-03
255.51	1.5491E-02
255.73	1.0919E-02
255.94	1.4999E-02
256.16	-1.7914E-02
256.38	7.0835E-03
256.59	8.9060E-03
256.81	-1.2554E-02
257.02	-8.0880E-03
257.24	-1.4662E-02
257.45	4.0037E-03
257.67	2.8947E-03
257.89	2.6982E-02
258.10	2.3905E-02
258.32	-9.9511E-03
258.53	2.6553E-02
258.75	1.2663E-02
258.96	1.6137E-02
259.18	1.0505E-03
259.40	-6.9742E-03
259.61	1.2173E-02
259.83	1.5976E-02
260.04	1.2099E-02
260.26	1.9286E-02
260.47	6.8727E-03
260.69	1.3048E-02
260.90	-4.4367E-03
261.12	1.9759E-02
261.34	2.1733E-02
261.55	1.0171E-02
261.77	1.3844E-02
261.98	0.0000E00
262.20	6.3514E-03
262.41	2.6032E-02
262.63	1.2335E-02
262.84	1.3342E-02
263.06	1.8602E-02
263.27	2.7162E-02
263.49	1.7453E-02
263.71	1.2427E-02
263.92	9.7293E-03
264.14	2.2008E-02
264.35	-1.6128E-03
264.57	1.6388E-02
264.78	2.8792E-03
265.00	1.8169E-02
265.21	1.8967E-03
265.43	2.4840E-02
265.64	-7.2116E-03
265.86	1.6841E-02
266.07	2.4294E-02
266.29	2.0197E-02
266.50	-6.4847E-03
266.72	3.6978E-03
266.94	7.6739E-03
267.15	2.1650E-02
267.37	-8.1830E-03
267.58	1.9078E-02
267.80	1.6294E-02
268.01	2.1911E-02
268.23	1.1097E-02
268.44	5.9612E-04
268.66	0.0000E00
268.87	2.2769E-02
269.09	7.9412E-03
269.30	6.7619E-03
269.52	1.4440E-02
269.73	6.4678E-03
269.95	8.7910E-04
270.16	-1.7496E-03
270.38	6.9792E-03
270.59	1.0410E-02
270.81	-1.4430E-03
271.02	2.1317E-02
271.24	2.0956E-02
271.45	-5.7085E-04
271.67	6.8139E-03
271.88	-2.2528E-03
272.10	4.7770E-03
272.31	9.5128E-03
272.53	1.0331E-02
272.74	1.1679E-02
272.96	2.3929E-02
273.17	1.8864E-02
273.39	-7.4342E-03
273.60	4.3922E-03
273.81	6.3079E-03
274.03	9.5672E-03
274.24	1.6906E-02
274.46	2.4402E-03
274.67	0.0000E00
274.89	1.6909E-02
275.10	1.2272E-02
275.32	9.8040E-03
275.53	9.7489E-03
275.75	3.6874E-03
275.96	2.8745E-03
276.18	2.8582E-03
276.39	1.1950E-02
276.61	7.5035E-03
276.82	-1.8006E-03
277.04	1.8944E-02
277.25	6.4001E-03
277.46	1.2500E-02
277.68	7.0977E-03
277.89	1.4880E-02
278.11	1.4313E-02
278.32	1.2540E-02
278.54	4.2579E-03
278.75	7.4383E-03
278.97	-4.4429E-03
279.18	0.0000E00
279.40	1.2496E-02
279.61	1.6311E-02
279.82	-5.0816E-03
280.04	-2.6562E-03
280.25	1.1584E-02
280.47	-3.8450E-03
280.68	4.7698E-03
280.90	-5.6884E-03
281.11	1.6064E-02
281.32	0.0000E00
281.54	6.5699E-03
281.75	9.3291E-03
281.97	8.3541E-03
282.18	3.7046E-03
282.40	-1.3855E-03
282.61	2.7580E-03
282.83	-2.2933E-03
283.04	4.1285E-03
283.25	3.1970E-03
283.47	1.3433E-02
283.68	9.0643E-03
283.90	-1.1320E-03
284.11	1.1046E-02
284.32	6.9505E-03
284.54	6.4770E-03
284.75	1.2429E-02
284.97	1.9952E-03
285.18	8.1968E-03
285.40	3.3259E-03
285.61	1.2406E-02
285.82	1.4183E-02
286.04	8.8329E-03
286.25	0.0000E00
286.47	1.3109E-02
286.68	7.8505E-03
286.89	1.7390E-03
287.11	4.3439E-04
287.32	2.5901E-03
287.54	1.2448E-02
287.75	1.3644E-02
287.96	1.0615E-02
288.18	8.2350E-03
288.39	1.2636E-03
288.61	-2.3081E-03
288.82	2.2643E-02
289.03	5.2187E-03
289.25	2.0796E-03
289.46	2.2704E-03
289.68	1.1124E-02
289.89	2.4587E-03
290.10	-1.4294E-03
290.32	1.0800E-02
290.53	7.1061E-03
290.74	1.5970E-02
290.96	7.2521E-03
291.17	4.8178E-03
291.39	2.3995E-03
291.60	4.7840E-03
291.81	9.9477E-03
292.03	3.9639E-03
292.24	1.2233E-02
292.45	8.2488E-03
292.67	5.0880E-03
292.88	5.2740E-03
293.10	5.0633E-03
293.31	6.4071E-03
293.52	1.7399E-03
293.74	-5.7804E-04
293.95	1.2102E-02
294.16	2.4840E-03
294.38	4.3699E-03
294.59	7.1971E-03
294.80	-6.4104E-03
295.02	3.5617E-03
295.23	1.0284E-02
295.45	9.6861E-03
295.66	1.2071E-02
295.87	-1.8478E-04
296.09	7.5651E-03
296.30	1.3952E-02
296.51	-4.7585E-03
296.73	5.8484E-03
296.94	8.3894E-03
297.15	6.5478E-03
297.37	1.1243E-02
297.58	1.0297E-02
297.79	7.2197E-03
298.01	6.2934E-03
298.22	-1.7956E-03
298.43	8.0445E-03
298.65	-4.9984E-03
298.86	2.4915E-03
299.07	9.2147E-03
299.29	6.5502E-03
299.50	-3.0100E-03
299.71	3.1868E-03
299.93	-3.3547E-03
300.14	8.0997E-03
300.35	3.1606E-03
300.57	1.4692E-02
300.78	5.2292E-04
300.99	3.9841E-03
301.21	-6.7464E-03
301.42	7.4421E-03
301.63	2.4182E-03
301.85	9.3175E-03
302.06	7.9229E-03
302.27	2.9267E-03
302.48	3.4284E-03
302.70	8.3971E-03
302.91	1.4164E-02
303.12	4.9360E-03
303.34	8.4932E-04
303.55	1.3554E-03
303.76	7.2649E-03
303.98	-1.6864E-04
304.19	7.2373E-03
304.40	-1.0091E-03
304.61	5.7032E-03
304.83	1.1725E-03
305.04	1.2697E-02
305.25	6.8656E-03
305.47	1.8422E-03
305.68	2.8425E-03
305.89	4.8484E-03
306.11	-2.0071E-03
306.32	8.1935E-03
306.53	1.1512E-02
306.74	5.1671E-03
306.96	-2.8238E-03
307.17	4.9687E-03
307.38	2.1515E-03
307.60	1.2561E-02
307.81	1.0388E-02
308.02	9.5621E-03
308.23	7.4055E-03
308.45	1.3119E-02
308.66	2.6116E-03
308.87	2.7862E-03
309.08	2.1250E-03
309.30	-1.6401E-04
309.51	-5.2657E-03
309.72	4.2746E-03
309.94	8.1978E-04
310.15	1.0478E-02
310.36	1.6186E-02
310.57	1.3039E-02
310.79	4.8723E-04
311.00	7.8434E-03
311.21	2.9279E-03
311.42	7.6294E-03
311.64	1.3243E-02
311.85	8.8486E-03
312.06	9.3202E-03
312.27	6.5850E-03
312.49	5.9188E-03
312.70	5.9030E-03
312.91	1.3840E-02
313.12	2.7038E-03
313.34	3.1539E-04
313.55	5.0294E-03
313.76	1.7279E-03
313.97	5.8168E-03
314.19	-5.4964E-03
314.40	7.8118E-04
314.61	4.0604E-03
314.82	5.6394E-03
315.04	2.9714E-03
315.25	9.5240E-03
315.46	-2.0242E-03
315.67	9.1810E-03
315.88	-9.3064E-04
316.10	3.7209E-03
316.31	-3.1028E-04
316.52	5.4245E-03
316.73	4.5020E-03
316.95	4.8011E-03
317.16	-9.2579E-04
317.37	7.2283E-03
317.58	5.8290E-03
317.79	9.1972E-04
318.01	1.2095E-02
318.22	-1.9968E-03
318.43	2.1547E-03
318.64	1.0935E-02
318.86	6.9412E-03
319.07	1.0185E-02
319.28	7.8657E-03
319.49	1.1835E-02
319.70	8.2878E-03
319.92	9.0556E-03
320.13	5.3494E-03
320.34	1.2528E-02
320.55	6.8540E-03
320.76	3.5016E-03
320.98	1.4165E-02
321.19	4.7362E-03
321.40	2.5983E-03
321.61	6.8492E-03
321.82	2.5859E-03
322.04	8.5345E-03
322.25	8.6891E-03
322.46	1.2235E-03
322.67	9.7978E-03
322.88	7.5527E-03
323.09	4.3171E-03
323.31	0.0000E00
323.52	8.5774E-03
323.73	-4.2912E-03
323.94	9.2280E-03
324.15	1.8432E-03
324.37	4.9113E-03
324.58	-3.0631E-04
324.79	-6.7166E-03
325.00	2.4303E-03
325.21	9.1090E-03
325.42	1.2133E-03
325.64	6.2087E-03
325.85	7.8733E-03
326.06	1.1774E-02
326.27	4.8213E-03
326.48	7.8295E-03
326.69	-1.4987E-04
326.91	5.9956E-03
327.12	5.8378E-03
327.33	4.1882E-03
327.54	8.9178E-03
327.75	1.1869E-03
327.96	3.5579E-03
328.18	2.8267E-03
328.39	7.7672E-03
328.60	-7.1753E-03
328.81	5.3864E-03
329.02	5.9856E-03
329.23	5.6806E-03
329.44	5.9722E-04
329.66	3.5802E-03
329.87	8.9362E-04
330.08	9.5160E-03
330.29	5.2001E-03
330.50	6.5159E-03
330.71	1.0933E-02
330.92	3.6849E-03
331.14	7.6613E-03
331.35	1.3271E-03
331.56	2.3549E-03
331.77	7.2124E-03
331.98	1.4765E-04
332.19	5.9083E-03
332.40	3.3994E-03
332.62	5.9104E-03
332.83	3.9890E-03
333.04	1.1811E-03
333.25	0.0000E00
333.46	-1.6318E-03
333.67	3.5709E-03
333.88	2.0907E-03
334.09	6.5981E-03
334.30	0.0000E00
334.52	4.7068E-03
334.73	5.3323E-03
334.94	9.0784E-03
335.15	8.9690E-04
335.36	-2.9972E-04
335.57	1.0805E-02
335.78	7.8003E-03
335.99	7.0270E-03
336.20	4.9047E-03
336.42	1.4769E-04
336.63	2.7084E-03
336.84	7.7662E-03
337.05	8.8725E-03
337.26	1.0453E-02
337.47	1.3320E-02
337.68	1.3559E-02
337.89	2.3279E-03
338.10	2.8817E-03
338.31	0.0000E00
338.53	5.4466E-03
338.74	9.2895E-03
338.95	1.7140E-03
339.16	1.1723E-02
339.37	-2.2846E-03
339.58	1.5672E-03
339.79	1.4207E-03
340.00	4.2579E-03
340.21	6.6332E-03
340.42	1.1042E-02
340.63	3.7957E-03
340.84	-2.3776E-03
341.06	6.9614E-04
341.27	4.1400E-04
341.48	1.1102E-02
341.69	7.4850E-03
341.90	1.4841E-03
342.11	1.4907E-02
342.32	4.6764E-03
342.53	2.2676E-03
342.74	2.2618E-03
342.95	1.7709E-02
343.16	2.3996E-03
343.37	1.1074E-02
343.58	1.0718E-02
343.79	-1.0744E-03
344.00	7.6995E-03
344.21	1.0184E-02
344.43	6.5534E-03
344.64	8.5092E-03
344.85	9.3491E-03
345.06	6.0593E-03
345.27	-1.7923E-03
345.48	4.9679E-03
345.69	1.5265E-03
345.90	2.7732E-03
346.11	0.0000E00
346.32	3.2978E-03
346.53	4.3823E-03
346.74	1.3939E-02
346.95	2.1801E-03
347.16	4.0706E-03
347.37	1.1924E-02
347.58	1.6239E-03
347.79	-7.1403E-03
348.00	2.1426E-03
348.21	-2.0024E-03
348.42	4.0027E-03
348.63	6.4103E-03
348.84	2.5364E-03
349.05	7.4531E-03
349.26	1.7279E-03
349.47	3.9882E-04
349.68	1.0104E-02
349.89	3.0590E-03
350.10	-5.3302E-04
350.31	9.1940E-03
350.52	6.2877E-03
350.74	1.2841E-02
350.95	7.0948E-03
351.16	5.3422E-03
351.37	6.1375E-03
351.58	4.7850E-03
351.79	9.3105E-03
352.00	6.6583E-03
352.21	8.4989E-03
352.42	9.6701E-03
352.63	5.3017E-03
352.84	4.1037E-03
353.05	1.5225E-02
353.26	6.3399E-03
353.47	2.1161E-03
353.68	5.0406E-03
353.89	1.2086E-02
354.10	7.9625E-03
354.31	6.3458E-03
354.52	1.0543E-03
354.73	1.0918E-02
354.93	4.8575E-03
355.14	-1.8335E-03
355.35	1.5628E-03
355.56	4.1716E-03
355.77	1.4324E-03
355.98	2.8530E-03
356.19	-1.6847E-03
356.40	1.0597E-02
356.61	2.0693E-03
356.82	1.1412E-02
357.03	7.1452E-03
357.24	1.4233E-02
357.45	6.3196E-03
357.66	8.2829E-03
357.87	6.7103E-03
358.08	7.3601E-03
358.29	5.0400E-03
358.50	6.0795E-03
358.71	5.1857E-03
358.92	2.3315E-03
359.13	7.8952E-03
359.34	3.4970E-03
359.55	1.2951E-04
359.76	6.4723E-03
359.97	4.7741E-03
360.18	2.1954E-03
360.39	7.0784E-03
360.60	1.2058E-02
360.81	1.4720E-02
361.02	4.7333E-03
361.22	1.2804E-03
361.43	7.5502E-03
361.64	8.2830E-03
361.85	-7.6442E-04
362.06	3.1945E-03
362.27	7.2802E-03
362.48	1.0954E-02
362.69	6.1066E-03
362.90	4.7271E-03
363.11	9.0642E-03
363.32	3.8220E-04
363.53	9.5261E-03
363.74	1.2171E-02
363.95	1.6437E-03
364.16	1.1386E-03
364.37	7.4599E-03
364.57	8.6148E-03
364.78	7.6201E-03
364.99	-4.4543E-03
365.20	6.7511E-03
365.41	1.5311E-03
365.62	4.0795E-03
365.83	9.1763E-03
366.04	6.6115E-03
366.25	7.3640E-03
366.46	7.6203E-03
366.67	4.3101E-03
366.88	7.6238E-04
367.08	1.5199E-03
367.29	6.6824E-03
367.50	5.0331E-04
367.71	7.4077E-03
367.92	5.9118E-03
368.13	4.7761E-03
368.34	5.6560E-03
368.55	1.2032E-02
368.76	5.7492E-03
368.97	-8.3595E-03
369.17	4.8622E-03
369.38	7.6132E-03
369.59	4.5104E-03
369.80	9.8885E-03
370.01	1.5049E-03
370.22	1.3799E-03
370.43	-1.2583E-04
370.64	0.0000E00
370.85	4.3372E-03
371.05	-5.1206E-04
371.26	7.4310E-03
371.47	6.6379E-03
371.68	6.1131E-03
371.89	1.1073E-02
372.10	4.8428E-03
372.31	7.5278E-03
372.52	2.0456E-03
372.72	-2.3047E-03
372.93	2.2989E-03
373.14	4.2128E-03
373.35	1.0705E-02
373.56	8.3918E-03
373.77	6.2106E-03
373.98	2.9206E-03
374.19	5.4578E-03
374.39	1.2666E-03
374.60	2.8988E-03
374.81	3.6605E-03
375.02	6.0392E-03
375.23	6.0583E-03
375.44	5.6842E-03
375.65	-1.1353E-03
375.85	-1.2639E-03
376.06	5.3114E-03
376.27	5.5600E-03
376.48	6.2012E-03
376.69	7.3659E-03
376.90	5.2217E-03
377.10	5.2085E-03
377.31	9.6897E-03
377.52	9.2761E-03
377.73	1.9055E-03
377.94	1.0437E-02
378.15	5.6010E-03
378.36	3.0528E-03
378.56	5.9683E-03
378.77	7.4727E-03
378.98	6.1862E-03
379.19	3.7857E-03
379.40	6.0481E-03
379.61	3.2668E-03
379.81	7.4249E-03
380.02	5.2802E-03
380.23	6.9089E-03
380.44	4.7676E-03
380.65	8.9136E-03
380.85	1.0214E-02
381.06	1.3259E-02
381.27	3.5424E-03
381.48	6.4591E-03
381.69	7.8433E-03
381.90	8.3457E-03
382.10	-2.7769E-03
382.31	1.7611E-03
382.52	6.7789E-03
382.73	9.9344E-03
382.94	8.4222E-03
383.14	1.7127E-02
383.35	7.1250E-03
383.56	1.3142E-02
383.77	6.8712E-03
383.98	3.1223E-03
384.18	1.2112E-02
384.39	9.3622E-03
384.60	9.7491E-03
384.81	1.8846E-02
385.02	9.8408E-03
385.22	2.0864E-02
385.43	2.5531E-02
385.64	2.1165E-02
385.85	2.4647E-02
386.06	3.2473E-02
386.26	2.6599E-02
386.47	3.1709E-02
386.68	3.5851E-02
386.89	4.1362E-02
387.09	5.1280E-02
387.30	6.0614E-02
387.51	7.2159E-02
387.72	6.9119E-02
387.93	9.2167E-02
388.13	1.0693E-01
388.34	1.2467E-01
388.55	1.4103E-01
388.76	1.5544E-01
388.96	1.6937E-01
389.17	1.8016E-01
389.38	1.9777E-01
389.59	2.1701E-01
389.79	2.2314E-01
390.00	2.1259E-01
390.21	2.2430E-01
390.42	2.1881E-01
390.62	2.2776E-01
390.83	2.1618E-01
391.04	2.1184E-01
391.25	2.0816E-01
391.45	2.0282E-01
391.66	1.9884E-01
391.87	1.8415E-01
392.08	1.8050E-01
392.28	1.6735E-01
392.49	1.6675E-01
392.70	1.6053E-01
392.91	1.5070E-01
393.11	1.5919E-01
393.32	1.5524E-01
393.53	1.5351E-01
393.74	1.6190E-01
393.94	1.6123E-01
394.15	1.5620E-01
394.36	1.6182E-01
394.57	1.7225E-01
394.77	1.7069E-01
394.98	1.8055E-01
395.19	1.7801E-01
395.39	2.0612E-01
395.60	2.0076E-01
395.81	2.0971E-01
396.02	2.1085E-01
396.22	2.2913E-01
396.43	2.2983E-01
396.64	2.3981E-01
396.84	2.4552E-01
397.05	2.6194E-01
397.26	2.7190E-01
397.47	2.7568E-01
397.67	2.8382E-01
397.88	2.7738E-01
398.09	2.8955E-01
398.29	2.8607E-01
398.50	2.9600E-01
398.71	3.0007E-01
398.92	3.0825E-01
399.12	3.0444E-01
399.33	3.2195E-01
399.54	3.1444E-01
399.74	3.2280E-01
399.95	3.2495E-01
400.16	3.3142E-01
400.36	3.2429E-01
400.57	3.2565E-01
400.78	3.1889E-01
400.98	3.3084E-01
401.19	3.3707E-01
401.40	3.4266E-01
401.60	3.4076E-01
401.81	3.3628E-01
402.02	3.2541E-01
402.23	3.2683E-01
402.43	3.2746E-01
402.64	3.2678E-01
402.85	3.3720E-01
403.05	3.4000E-01
403.26	3.2780E-01
403.47	3.3235E-01
403.67	3.2294E-01
403.88	3.3239E-01
404.09	3.4035E-01
404.29	3.2444E-01
404.50	3.2050E-01
404.71	3.3292E-01
404.91	3.2747E-01
405.12	3.2956E-01
405.33	3.3321E-01
405.53	3.3408E-01
405.74	3.3685E-01
405.94	3.3934E-01
406.15	3.3641E-01
406.36	3.2566E-01
406.56	3.2844E-01
406.77	3.2899E-01
406.98	3.3241E-01
407.18	3.4256E-01
407.39	3.4107E-01
407.60	3.4629E-01
407.80	3.4914E-01
408.01	3.4437E-01
408.22	3.4239E-01
408.42	3.3359E-01
408.63	3.4409E-01
408.83	3.5188E-01
409.04	3.4059E-01
409.25	3.5948E-01
409.45	3.5356E-01
409.66	3.6418E-01
409.87	3.6204E-01
410.07	3.6163E-01
410.28	3.7278E-01
410.49	3.7833E-01
410.69	3.5836E-01
410.90	3.7928E-01
411.10	3.6818E-01
411.31	3.5790E-01
411.52	3.5823E-01
411.72	3.7167E-01
411.93	3.7060E-01
412.13	3.5993E-01
412.34	3.5864E-01
412.55	3.8842E-01
412.75	3.6647E-01
412.96	3.7589E-01
413.16	3.5808E-01
413.37	3.6718E-01
413.58	3.5152E-01
413.78	3.6894E-01
413.99	3.6625E-01
414.19	3.6233E-01
414.40	3.7923E-01
414.61	3.7106E-01
414.81	3.6343E-01
415.02	3.6741E-01
415.22	3.7440E-01
415.43	3.7271E-01
415.64	3.6515E-01
415.84	3.7607E-01
416.05	3.8127E-01
416.25	3.7927E-01
416.46	3.7461E-01
416.67	3.7664E-01
416.87	3.9608E-01
417.08	3.7572E-01
417.28	3.6780E-01
417.49	3.7401E-01
417.69	3.8170E-01
417.90	3.8379E-01
418.11	3.9357E-01
418.31	3.8571E-01
418.52	3.8878E-01
418.72	3.8484E-01
418.93	3.8049E-01
419.13	3.8717E-01
419.34	3.8893E-01
419.54	3.7567E-01
419.75	3.8792E-01
419.96	3.7448E-01
420.16	3.7743E-01
420.37	3.8803E-01
420.57	3.9624E-01
420.78	3.7653E-01
420.98	3.8438E-01
421.19	4.0329E-01
421.39	3.8085E-01
421.60	3.7778E-01
421.81	3.8780E-01
422.01	3.9306E-01
422.22	3.7913E-01
422.42	3.8254E-01
422.63	3.8611E-01
422.83	3.9919E-01
423.04	3.9877E-01
423.24	3.8714E-01
423.45	3.8560E-01
423.65	4.0159E-01
423.86	3.9778E-01
424.06	3.8810E-01
424.27	3.7142E-01
424.48	3.9173E-01
424.68	3.8521E-01
424.89	3.9736E-01
425.09	3.8673E-01
425.30	4.0041E-01
425.50	3.9755E-01
425.71	4.0554E-01
425.91	3.9334E-01
426.12	4.0341E-01
426.32	3.9099E-01
426.53	3.9994E-01
426.73	4.1160E-01
426.94	4.0041E-01
427.14	3.8837E-01
427.35	4.2356E-01
427.55	4.0182E-01
427.76	4.0895E-01
427.96	4.0970E-01
428.17	4.2064E-01
428.37	4.1020E-01
428.58	3.9417E-01
428.78	4.0537E-01
428.99	4.0553E-01
429.19	3.9935E-01
429.40	4.0572E-01
429.60	3.8252E-01
429.81	3.9295E-01
430.01	4.0156E-01
430.22	3.6904E-01
430.42	3.9312E-01
430.63	3.8717E-01
430.83	3.8744E-01
431.04	3.8777E-01
431.24	3.8138E-01
431.45	3.8876E-01
431.65	3.7055E-01
431.86	3.7970E-01
432.06	4.0647E-01
432.26	3.8578E-01
432.47	3.8297E-01
432.67	3.9196E-01
432.88	3.8564E-01
433.08	3.7044E-01
433.29	3.9095E-01
433.49	3.9259E-01
433.70	3.8934E-01
433.90	3.8412E-01
434.11	3.8207E-01
434.31	3.9847E-01
434.52	4.0467E-01
434.72	4.0058E-01
434.93	4.1032E-01
435.13	4.0392E-01
435.33	4.1154E-01
435.54	4.1525E-01
435.74	4.1231E-01
435.95	4.1808E-01
436.15	4.3044E-01
436.36	4.1964E-01
436.56	4.0403E-01
436.77	4.3555E-01
436.97	4.2460E-01
437.17	4.4121E-01
437.38	4.3439E-01
437.58	4.3248E-01
437.79	4.4478E-01
437.99	4.3864E-01
438.20	4.4273E-01
438.40	4.5773E-01
438.60	4.4215E-01
438.81	4.5132E-01
439.01	4.3547E-01
439.22	4.5478E-01
439.42	4.6663E-01
439.63	4.6397E-01
439.83	4.4747E-01
440.03	4.6731E-01
440.24	4.4792E-01
440.44	4.6143E-01
440.65	4.7082E-01
440.85	4.5322E-01
441.05	4.5680E-01
441.26	4.3932E-01
441.46	4.6177E-01
441.67	4.5434E-01
441.87	4.4681E-01
442.08	4.5248E-01
442.28	4.6628E-01
442.48	4.4260E-01
442.69	4.5684E-01
442.89	4.5917E-01
443.10	4.7047E-01
443.30	4.5354E-01
443.50	4.6481E-01
443.71	4.8220E-01
443.91	4.5032E-01
444.11	4.4189E-01
444.32	4.6027E-01
444.52	4.6466E-01
444.73	4.5291E-01
444.93	4.5070E-01
445.13	4.6890E-01
445.34	4.6629E-01
445.54	4.6524E-01
445.75	4.6625E-01
445.95	4.5248E-01
446.15	4.6132E-01
446.36	4.5787E-01
446.56	4.8153E-01
446.76	4.6928E-01
446.97	4.9869E-01
447.17	4.9339E-01
447.38	4.7666E-01
447.58	4.7980E-01
447.78	4.7957E-01
447.99	4.8750E-01
448.19	4.8832E-01
448.39	5.0001E-01
448.60	4.7428E-01
448.80	4.8038E-01
449.00	4.8499E-01
449.21	4.8434E-01
449.41	4.9597E-01
449.61	4.8447E-01
449.82	4.9602E-01
450.02	4.8647E-01
450.23	4.9811E-01
450.43	4.9003E-01
450.63	4.8380E-01
450.84	4.9451E-01
451.04	4.9098E-01
451.24	4.8658E-01
451.45	5.0905E-01
451.65	5.0681E-01
451.85	5.1452E-01
452.06	5.1856E-01
452.26	5.3160E-01
452.46	5.4109E-01
452.67	5.5892E-01
452.87	5.5222E-01
453.07	5.5863E-01
453.28	5.7307E-01
453.48	5.4622E-01
453.68	5.3518E-01
453.89	5.5038E-01
454.09	5.4398E-01
454.29	5.4557E-01
454.49	5.6844E-01
454.70	5.5547E-01
454.90	5.4264E-01
455.10	5.5051E-01
455.31	5.3843E-01
455.51	5.4171E-01
455.71	5.3811E-01
455.92	5.4022E-01
456.12	5.2903E-01
456.32	5.2519E-01
456.53	5.0883E-01
456.73	5.2094E-01
456.93	5.4202E-01
457.13	5.1290E-01
457.34	5.3970E-01
457.54	5.2354E-01
457.74	5.2753E-01
457.95	5.3238E-01
458.15	5.1977E-01
458.35	5.3625E-01
458.56	5.2656E-01
458.76	5.3618E-01
458.96	5.2220E-01
459.16	5.4511E-01
459.37	5.3224E-01
459.57	5.4894E-01
459.77	5.4265E-01
459.97	5.5649E-01
460.18	5.3610E-01
460.38	5.4787E-01
460.58	5.7127E-01
460.79	5.6075E-01
460.99	5.7066E-01
461.19	5.5836E-01
461.39	5.5925E-01
461.60	5.5270E-01
461.80	5.4941E-01
462.00	5.3255E-01
462.20	5.5194E-01
462.41	5.5221E-01
462.61	5.4592E-01
462.81	5.2182E-01
463.01	5.6393E-01
463.22	5.5163E-01
463.42	5.4260E-01
463.62	5.5249E-01
463.82	5.5646E-01
464.03	5.8246E-01
464.23	5.6930E-01
464.43	5.9179E-01
464.63	5.6334E-01
464.84	5.8674E-01
465.04	5.9654E-01
465.24	5.7848E-01
465.44	5.8695E-01
465.65	5.9953E-01
465.85	5.9223E-01
466.05	6.1980E-01
466.25	6.2072E-01
466.46	6.2083E-01
466.66	5.9937E-01
466.86	6.3022E-01
467.06	6.3187E-01
467.26	6.3048E-01
467.47	6.1434E-01
467.67	6.2702E-01
467.87	6.1543E-01
468.07	6.4707E-01
468.28	6.1155E-01
468.48	6.3196E-01
468.68	6.2112E-01
468.88	6.5969E-01
469.08	6.5472E-01
469.29	6.6812E-01
469.49	6.8647E-01
469.69	6.8000E-01
469.89	6.9857E-01
470.09	7.0341E-01
470.30	7.1081E-01
470.50	7.2168E-01
470.70	7.0039E-01
470.90	7.0336E-01
471.10	7.0754E-01
471.31	7.3394E-01
471.51	7.1156E-01
471.71	7.1538E-01
471.91	7.2445E-01
472.11	7.3798E-01
472.32	7.2552E-01
472.52	7.2422E-01
472.72	7.0733E-01
472.92	7.0740E-01
473.12	6.8792E-01
473.33	6.8974E-01
473.53	6.8762E-01
473.73	6.8880E-01
473.93	6.7769E-01
474.13	6.5989E-01
474.33	6.7218E-01
474.54	6.9367E-01
474.74	6.7252E-01
474.94	6.8987E-01
475.14	7.0566E-01
475.34	7.0622E-01
475.54	7.1190E-01
475.75	7.3252E-01
475.95	7.1709E-01
476.15	6.9783E-01
476.35	6.9921E-01
476.55	6.9263E-01
476.75	6.9066E-01
476.96	6.7740E-01
477.16	6.6681E-01
477.36	6.5267E-01
477.56	6.4178E-01
477.76	6.3877E-01
477.96	6.2969E-01
478.16	6.2869E-01
478.37	6.1377E-01
478.57	6.3012E-01
478.77	6.1724E-01
478.97	6.1289E-01
479.17	6.0097E-01
479.37	5.9744E-01
479.57	5.9408E-01
479.78	5.8454E-01
479.98	5.8513E-01
480.18	5.9046E-01
480.38	5.9218E-01
480.58	5.8146E-01
480.78	5.7817E-01
480.98	5.7809E-01
481.18	5.9020E-01
481.39	5.8364E-01
481.59	5.9119E-01
481.79	5.8686E-01
481.99	5.8966E-01
482.19	5.9424E-01
482.39	5.6579E-01
482.59	5.8171E-01
482.79	5.9829E-01
483.00	5.9755E-01
483.20	6.0688E-01
483.40	6.0059E-01
483.60	6.0055E-01
483.80	6.1616E-01
484.00	6.0714E-01
484.20	6.0027E-01
484.40	6.1569E-01
484.60	6.0973E-01
484.80	6.0016E-01
485.01	6.0934E-01
485.21	6.2189E-01
485.41	5.9354E-01
485.61	6.0739E-01
485.81	6.1200E-01
486.01	6.0579E-01
486.21	6.0746E-01
486.41	6.1242E-01
486.61	5.8214E-01
486.81	6.0326E-01
487.01	5.8155E-01
487.22	6.0432E-01
487.42	5.7850E-01
487.62	5.6691E-01
487.82	5.8128E-01
488.02	5.6941E-01
488.22	5.8593E-01
488.42	5.5261E-01
488.62	5.5199E-01
488.82	5.6588E-01
489.02	5.7528E-01
489.22	5.4343E-01
489.42	5.4326E-01
489.62	5.4894E-01
489.82	5.6169E-01
490.02	5.5066E-01
490.23	5.4562E-01
490.43	5.5386E-01
490.63	5.6406E-01
490.83	5.6372E-01
491.03	5.5210E-01
491.23	5.5182E-01
491.43	5.6407E-01
491.63	5.6980E-01
491.83	5.6326E-01
492.03	5.5573E-01
492.23	5.5644E-01
492.43	5.6180E-01
492.63	5.7132E-01
492.83	5.7615E-01
493.03	5.5870E-01
493.23	5.6946E-01
493.43	5.7867E-01
493.63	5.7085E-01
493.83	5.8208E-01
494.03	5.8671E-01
494.23	5.9666E-01
494.43	6.0262E-01
494.63	6.0693E-01
494.83	6.0023E-01
495.03	5.9728E-01
495.23	5.9109E-01
495.43	5.9985E-01
495.63	5.9355E-01
495.84	6.0744E-01
496.04	5.9953E-01
496.24	5.8639E-01
496.44	5.9776E-01
496.64	5.8396E-01
496.84	5.7649E-01
497.04	5.6704E-01
497.24	5.7719E-01
497.44	5.7589E-01
497.64	5.7744E-01
497.84	5.6236E-01
498.04	5.6177E-01
498.24	5.5541E-01
498.44	5.5647E-01
498.64	5.4593E-01
498.84	5.6145E-01
499.04	5.4433E-01
499.24	5.4422E-01
499.44	5.4669E-01
499.64	5.5038E-01
499.84	5.4044E-01
500.03	5.3386E-01
500.23	5.4161E-01
500.43	5.3241E-01
500.63	5.3677E-01
500.83	5.3170E-01
501.03	5.3822E-01
501.23	5.2849E-01
501.43	5.3690E-01
501.63	5.3262E-01
501.83	5.3431E-01
502.03	5.2484E-01
502.23	5.2994E-01
502.43	5.2750E-01
502.63	5.2944E-01
502.83	5.3945E-01
503.03	5.3586E-01
503.23	5.3451E-01
503.43	5.1247E-01
503.63	5.3962E-01
503.83	5.2002E-01
504.03	5.3331E-01
504.23	5.3529E-01
504.43	5.3792E-01
504.63	5.2759E-01
504.83	5.3788E-01
505.03	5.3149E-01
505.23	5.2561E-01
505.42	5.2680E-01
505.62	5.2497E-01
505.82	5.3362E-01
506.02	5.1306E-01
506.22	5.2807E-01
506.42	5.2304E-01
506.62	5.2918E-01
506.82	5.2063E-01
507.02	5.2101E-01
507.22	5.2378E-01
507.42	5.1911E-01
507.62	5.1920E-01
507.82	4.9476E-01
508.02	5.2753E-01
508.22	5.1491E-01
508.41	5.0602E-01
508.61	5.0037E-01
508.81	5.0620E-01
509.01	5.1026E-01
509.21	5.0312E-01
509.41	5.0183E-01
509.61	4.8920E-01
509.81	4.9616E-01
510.01	4.9675E-01
510.21	4.8929E-01
510.41	4.8852E-01
510.60	4.9854E-01
510.80	4.9160E-01
511.00	4.8772E-01
511.20	4.8053E-01
511.40	4.7859E-01
511.60	4.8372E-01
511.80	4.7339E-01
512.00	4.8347E-01
512.20	4.7114E-01
512.40	4.7213E-01
512.59	4.7935E-01
512.79	4.7729E-01
512.99	4.7102E-01
513.19	4.7391E-01
513.39	4.7061E-01
513.59	4.6650E-01
513.79	4.7089E-01
513.99	4.7642E-01
514.19	4.6762E-01
514.38	4.8339E-01
514.58	4.7945E-01
514.78	4.6749E-01
514.98	4.7614E-01
515.18	4.7266E-01
515.38	4.7381E-01
515.58	4.7486E-01
515.77	4.7208E-01
515.97	4.7441E-01
516.17	4.7414E-01
516.37	4.8135E-01
516.57	4.8872E-01
516.77	4.8674E-01
516.97	4.8328E-01
517.16	4.8079E-01
517.36	4.7633E-01
517.56	4.9130E-01
517.76	4.8544E-01
517.96	4.9583E-01
518.16	4.8077E-01
518.36	4.9252E-01
518.55	4.8862E-01
518.75	4.9692E-01
518.95	4.9115E-01
519.15	4.9819E-01
519.35	5.0346E-01
519.55	5.0452E-01
519.74	5.0422E-01
519.94	5.0736E-01
520.14	5.0468E-01
520.34	5.0469E-01
520.54	5.1236E-01
520.74	5.0822E-01
520.93	5.0992E-01
521.13	5.0232E-01
521.33	5.0938E-01
521.53	5.1525E-01
521.73	5.1167E-01
521.93	5.1411E-01
522.12	5.1874E-01
522.32	5.0983E-01
522.52	5.2277E-01
522.72	5.1996E-01
522.92	5.2604E-01
523.11	5.1556E-01
523.31	5.2266E-01
523.51	5.1715E-01
523.71	5.1127E-01
523.91	5.1863E-01
524.10	5.2152E-01
524.30	5.2316E-01
524.50	5.1785E-01
524.70	5.2440E-01
524.90	5.1538E-01
525.09	5.1723E-01
525.29	5.1712E-01
525.49	5.2824E-01
525.69	5.1977E-01
525.89	5.1560E-01
526.08	5.2185E-01
526.28	5.2297E-01
526.48	5.2561E-01
526.68	5.1975E-01
526.87	5.1435E-01
527.07	5.2561E-01
527.27	5.2501E-01
527.47	5.2546E-01
527.67	5.3480E-01
527.86	5.2524E-01
528.06	5.2353E-01
528.26	5.3586E-01
528.46	5.2446E-01
528.65	5.2516E-01
528.85	5.3326E-01
529.05	5.1742E-01
529.25	5.2381E-01
529.44	5.3063E-01
529.64	5.1967E-01
529.84	5.3075E-01
530.04	5.2777E-01
530.23	5.2631E-01
530.43	5.2618E-01
530.63	5.1971E-01
530.83	5.2063E-01
531.02	5.2519E-01
531.22	5.2683E-01
531.42	5.2880E-01
531.62	5.0969E-01
531.81	5.2273E-01
532.01	5.1613E-01
532.21	5.2419E-01
532.41	5.2192E-01
532.60	5.1671E-01
532.80	5.2303E-01
533.00	5.1569E-01
533.20	5.1020E-01
533.39	5.2916E-01
533.59	5.1219E-01
533.79	5.0942E-01
533.99	5.1549E-01
534.18	5.1193E-01
534.38	5.1232E-01
534.58	5.0275E-01
534.77	5.1841E-01
534.97	5.0895E-01
535.17	5.1378E-01
535.37	5.1199E-01
535.56	5.0957E-01
535.76	5.1883E-01
535.96	5.0182E-01
536.15	5.0799E-01
536.35	5.0199E-01
536.55	4.9969E-01
536.74	4.9825E-01
536.94	4.9784E-01
537.14	4.9445E-01
537.34	4.9952E-01
537.53	4.9481E-01
537.73	4.9635E-01
537.93	4.8578E-01
538.12	4.8881E-01
538.32	4.9356E-01
538.52	4.9320E-01
538.71	4.8716E-01
538.91	4.8157E-01
539.11	4.8948E-01
539.30	4.8480E-01
539.50	4.9027E-01
539.70	4.7734E-01
539.90	4.8274E-01
540.09	4.8254E-01
540.29	4.7851E-01
540.49	4.7762E-01
540.68	4.7831E-01
540.88	4.7619E-01
541.08	4.7112E-01
541.27	4.7922E-01
541.47	4.7735E-01
541.67	4.6610E-01
541.86	4.7987E-01
542.06	4.7239E-01
542.26	4.7263E-01
542.45	4.7191E-01
542.65	4.7712E-01
542.85	4.7322E-01
543.04	4.6620E-01
543.24	4.7225E-01
543.43	4.6689E-01
543.63	4.6702E-01
543.83	4.7469E-01
544.02	4.6894E-01
544.22	4.6845E-01
544.42	4.6634E-01
544.61	4.6832E-01
544.81	4.6831E-01
545.01	4.6215E-01
545.20	4.7048E-01
545.40	4.6898E-01
545.60	4.7484E-01
545.79	4.7233E-01
545.99	4.7760E-01
546.18	4.7132E-01
546.38	4.7651E-01
546.58	4.7069E-01
546.77	4.8743E-01
546.97	4.8116E-01
547.17	4.7915E-01
547.36	4.7397E-01
547.56	4.8507E-01
547.75	4.8097E-01
547.95	4.8312E-01
548.15	4.7513E-01
548.34	4.8773E-01
548.54	4.8253E-01
548.73	4.7292E-01
548.93	4.8116E-01
549.13	4.9488E-01
549.32	4.8251E-01
549.52	4.9083E-01
549.71	4.9467E-01
549.91	4.9808E-01
550.11	4.8374E-01
550.30	5.0109E-01
550.50	4.8953E-01
550.69	5.0510E-01
550.89	4.9040E-01
551.09	5.0607E-01
551.28	4.9707E-01
551.48	5.0084E-01
551.67	4.9914E-01
551.87	5.0351E-01
552.07	5.0122E-01
552.26	5.0409E-01
552.46	5.0651E-01
552.65	4.9920E-01
552.85	5.0783E-01
553.04	5.1523E-01
553.24	5.0260E-01
553.44	5.1010E-01
553.63	5.1400E-01
553.83	5.0913E-01
554.02	5.2115E-01
554.22	5.1872E-01
554.41	5.1789E-01
554.61	5.2319E-01
554.81	5.1979E-01
555.00	5.1609E-01
555.20	5.1545E-01
555.39	5.1720E-01
555.59	5.2699E-01
555.78	5.1302E-01
555.98	5.1345E-01
556.17	5.2471E-01
556.37	5.2219E-01
556.56	5.1634E-01
556.76	5.2291E-01
556.96	5.2800E-01
557.15	5.2034E-01
557.35	5.3028E-01
557.54	5.2944E-01
557.74	5.2438E-01
557.93	5.1957E-01
558.13	5.2221E-01
558.32	5.1859E-01
558.52	5.2383E-01
558.71	5.2643E-01
558.91	5.2160E-01
559.10	5.2583E-01
559.30	5.3366E-01
559.49	5.2578E-01
559.69	5.2521E-01
559.89	5.1644E-01
560.08	5.2544E-01
560.28	5.1538E-01
560.47	5.2389E-01
560.67	5.1365E-01
560.86	5.2750E-01
561.06	5.2580E-01
561.25	5.1708E-01
561.45	5.1184E-01
561.64	5.2519E-01
561.84	5.2786E-01
562.03	5.1962E-01
562.23	5.2685E-01
562.42	5.1643E-01
562.62	5.2652E-01
562.81	5.0891E-01
563.01	5.2133E-01
563.20	5.1880E-01
563.40	5.1931E-01
563.59	5.2954E-01
563.79	5.1173E-01
563.98	5.2209E-01
564.18	5.1932E-01
564.37	5.1755E-01
564.57	5.1363E-01
564.76	5.2920E-01
564.95	5.2008E-01
565.15	5.2080E-01
565.34	5.2067E-01
565.54	5.2046E-01
565.73	5.1584E-01
565.93	5.1903E-01
566.12	5.2120E-01
566.32	5.1519E-01
566.51	5.1944E-01
566.71	5.2147E-01
566.90	5.2259E-01
567.10	5.2422E-01
567.29	5.1001E-01
567.49	5.1697E-01
567.68	5.1746E-01
567.87	5.2021E-01
568.07	5.2392E-01
568.26	5.1274E-01
568.46	5.2485E-01
568.65	5.1194E-01
568.85	5.1058E-01
569.04	5.2003E-01
569.24	5.1379E-01
569.43	5.2263E-01
569.62	5.1996E-01
569.82	5.1905E-01
570.01	5.1621E-01
570.21	5.0516E-01
570.40	5.0380E-01
570.60	5.1400E-01
570.79	5.0765E-01
570.99	5.0952E-01
571.18	4.9601E-01
571.37	5.0955E-01
571.57	5.0566E-01
571.76	5.1087E-01
571.96	5.1016E-01
572.15	4.9582E-01
572.34	4.9957E-01
572.54	4.9361E-01
572.73	4.9489E-01
572.93	4.8558E-01
573.12	4.9304E-01
573.32	4.9323E-01
573.51	4.8650E-01
573.70	4.8014E-01
573.90	4.7673E-01
574.09	4.6990E-01
574.29	4.7405E-01
574.48	4.5106E-01
574.67	4.6378E-01
574.87	4.6583E-01
575.06	4.6005E-01
575.26	4.6662E-01
575.45	4.7310E-01
575.64	4.5776E-01
575.84	4.7107E-01
576.03	4.6664E-01
576.23	4.7120E-01
576.42	4.7420E-01
576.61	4.7116E-01
576.81	4.8747E-01
577.00	4.8345E-01
577.19	4.7334E-01
577.39	4.8284E-01
577.58	4.9024E-01
577.78	4.8362E-01
577.97	4.8378E-01
578.16	4.9100E-01
578.36	4.9167E-01
578.55	4.8698E-01
578.74	4.9741E-01
578.94	5.0443E-01
579.13	4.9912E-01
579.32	4.9547E-01
579.52	5.1039E-01
579.71	5.0629E-01
579.91	5.0148E-01
580.10	5.1249E-01
580.29	5.1677E-01
580.49	5.1299E-01
580.68	5.0677E-01
580.87	5.1608E-01
581.07	5.0547E-01
581.26	5.0304E-01
581.45	5.1138E-01
581.65	5.1055E-01
581.84	5.1095E-01
582.03	5.1010E-01
582.23	5.0961E-01
582.42	5.1306E-01
582.61	5.1375E-01
582.81	5.1596E-01
583.00	5.1460E-01
583.19	5.1480E-01
583.39	5.1528E-01
583.58	5.0844E-01
583.77	5.0519E-01
583.97	5.1310E-01
584.16	5.1522E-01
584.35	5.1375E-01
584.55	5.1549E-01
584.74	5.1227E-01
584.93	5.1106E-01
585.13	5.0395E-01
585.32	5.1398E-01
585.51	5.0640E-01
585.71	5.0389E-01
585.90	5.0591E-01
586.09	5.1289E-01
586.28	5.2310E-01
586.48	4.9536E-01
586.67	5.0774E-01
586.86	5.1028E-01
587.06	5.0666E-01
587.25	5.1796E-01
587.44	5.1901E-01
587.64	5.0511E-01
587.83	5.0677E-01
588.02	5.0489E-01
588.21	5.1840E-01
588.41	5.1110E-01
588.60	5.1359E-01
588.79	5.1189E-01
588.99	5.0780E-01
589.18	5.1687E-01
589.37	5.1794E-01
589.56	5.0756E-01
589.76	5.0479E-01
589.95	5.1380E-01
590.14	5.0216E-01
590.33	5.1630E-01
590.53	5.0583E-01
590.72	5.0137E-01
590.91	5.0701E-01
591.11	5.0401E-01
591.30	5.0315E-01
591.49	5.1222E-01
591.68	5.0271E-01
591.88	5.1404E-01
592.07	5.1012E-01
592.26	5.0322E-01
592.45	5.1516E-01
592.65	5.0702E-01
592.84	5.0737E-01
593.03	5.1394E-01
593.22	5.0054E-01
593.42	5.1275E-01
593.61	5.1139E-01
593.80	4.9875E-01
593.99	5.0388E-01
594.19	5.0265E-01
594.38	5.0525E-01
594.57	5.1969E-01
594.76	5.0715E-01
594.95	4.9469E-01
595.15	5.0714E-01
595.34	5.1164E-01
595.53	4.9690E-01
595.72	5.1269E-01
595.92	5.0469E-01
596.11	5.1123E-01
596.30	5.0235E-01
596.49	5.0459E-01
596.68	5.0177E-01
596.88	5.0370E-01
597.07	5.0479E-01
597.26	4.9553E-01
597.45	4.9115E-01
597.65	4.9690E-01
597.84	5.0542E-01
598.03	4.9996E-01
598.22	4.9846E-01
598.41	4.9178E-01
598.61	4.9683E-01
598.80	4.8861E-01
598.99	4.9213E-01
599.18	4.9423E-01
599.37	5.0214E-01
599.57	4.9414E-01
599.76	4.8964E-01
599.95	5.0029E-01
600.14	4.9479E-01
600.33	4.9071E-01
600.52	5.0069E-01
600.72	4.9395E-01
600.91	4.9661E-01
601.10	4.8980E-01
601.29	4.8803E-01
601.48	4.8547E-01
601.68	4.8865E-01
601.87	4.8637E-01
602.06	4.9257E-01
602.25	4.8214E-01
602.44	4.8801E-01
602.63	4.8544E-01
602.83	4.9427E-01
603.02	4.8358E-01
603.21	4.8083E-01
603.40	4.8614E-01
603.59	4.8852E-01
603.78	4.8291E-01
603.98	4.8114E-01
604.17	4.9000E-01
604.36	4.8381E-01
604.55	4.8041E-01
604.74	4.7687E-01
604.93	4.8260E-01
605.12	4.8638E-01
605.32	4.8153E-01
605.51	4.8320E-01
605.70	4.8683E-01
605.89	4.9284E-01
606.08	4.9137E-01
606.27	4.9442E-01
606.46	4.9207E-01
606.66	4.8379E-01
606.85	4.8324E-01
607.04	4.7692E-01
607.23	4.9299E-01
607.42	5.0121E-01
607.61	4.8688E-01
607.80	4.8314E-01
607.99	4.9268E-01
608.19	4.8511E-01
608.38	4.9076E-01
608.57	4.9024E-01
608.76	4.9627E-01
608.95	4.9421E-01
609.14	4.9674E-01
609.33	4.9823E-01
609.52	4.9270E-01
609.71	4.8440E-01
609.91	4.9839E-01
610.10	4.9604E-01
610.29	4.9159E-01
610.48	5.0174E-01
610.67	4.8335E-01
610.86	4.9873E-01
611.05	4.8728E-01
611.24	4.9032E-01
611.43	4.9853E-01
611.62	4.8386E-01
611.82	4.9378E-01
612.01	4.9002E-01
612.20	4.9553E-01
612.39	4.8935E-01
612.58	4.9583E-01
612.77	4.9454E-01
612.96	4.9576E-01
613.15	4.9614E-01
613.34	4.9661E-01
613.53	4.9973E-01
613.72	4.9465E-01
613.91	4.9487E-01
614.10	4.9564E-01
614.30	4.9448E-01
614.49	4.9635E-01
614.68	4.9106E-01
614.87	4.9522E-01
615.06	4.8770E-01
615.25	4.9473E-01
615.44	4.9272E-01
615.63	4.8572E-01
615.82	4.9044E-01
616.01	4.8547E-01
616.20	4.9208E-01
616.39	4.9122E-01
616.58	4.8163E-01
616.77	4.7756E-01
616.96	4.8400E-01
617.15	4.7654E-01
617.34	4.8352E-01
617.53	4.7116E-01
617.72	4.8499E-01
617.92	4.9033E-01
618.11	4.7486E-01
618.30	4.7470E-01
618.49	4.6707E-01
618.68	4.8095E-01
618.87	4.6992E-01
619.06	4.7587E-01
619.25	4.6171E-01
619.44	4.6884E-01
619.63	4.6877E-01
619.82	4.6414E-01
620.01	4.5869E-01
620.20	4.6371E-01
620.39	4.6548E-01
620.58	4.6380E-01
620.77	4.6626E-01
620.96	4.5692E-01
621.15	4.4658E-01
621.34	4.5251E-01
621.53	4.4489E-01
621.72	4.6097E-01
621.91	4.5874E-01
622.10	4.5618E-01
622.29	4.5390E-01
622.48	4.4091E-01
622.67	4.4758E-01
622.86	4.5385E-01
623.05	4.3697E-01
623.24	4.4820E-01
623.43	4.4328E-01
623.62	4.3829E-01
623.81	4.3962E-01
624.00	4.4385E-01
624.19	4.2464E-01
624.38	4.3536E-01
624.57	4.3810E-01
624.76	4.4323E-01
624.95	4.3242E-01
625.14	4.3808E-01
625.33	4.2986E-01
625.52	4.3934E-01
625.71	4.3127E-01
625.90	4.4600E-01
626.09	4.3945E-01
626.27	4.3629E-01
626.46	4.3892E-01
626.65	4.5042E-01
626.84	4.3325E-01
627.03	4.3403E-01
627.22	4.4801E-01
627.41	4.3574E-01
627.60	4.3678E-01
627.79	4.4487E-01
627.98	4.3697E-01
628.17	4.3151E-01
628.36	4.3714E-01
628.55	4.3394E-01
628.74	4.2194E-01
628.93	4.2768E-01
629.12	4.4241E-01
629.31	4.4683E-01
629.50	4.3608E-01
629.69	4.4292E-01
629.88	4.2896E-01
630.06	4.2410E-01
630.25	4.4423E-01
630.44	4.4861E-01
630.63	4.2898E-01
630.82	4.3847E-01
631.01	4.4703E-01
631.20	4.3683E-01
631.39	4.4940E-01
631.58	4.4351E-01
631.77	4.5505E-01
631.96	4.3759E-01
632.15	4.5076E-01
632.33	4.5909E-01
632.52	4.5044E-01
632.71	4.4526E-01
632.90	4.4772E-01
633.09	4.4624E-01
633.28	4.4839E-01
633.47	4.5558E-01
633.66	4.5353E-01
633.85	4.5770E-01
634.04	4.4998E-01
634.23	4.6313E-01
634.41	4.5205E-01
634.60	4.5156E-01
634.79	4.5968E-01
634.98	4.6532E-01
635.17	4.6327E-01
635.36	4.5562E-01
635.55	4.5724E-01
635.74	4.6395E-01
635.92	4.5874E-01
636.11	4.5660E-01
636.30	4.7241E-01
636.49	4.5766E-01
636.68	4.7222E-01
636.87	4.7049E-01
637.06	4.6503E-01
637.25	4.5854E-01
637.43	4.6676E-01
637.62	4.6172E-01
637.81	4.6769E-01
638.00	4.6609E-01
638.19	4.6354E-01
638.38	4.6297E-01
638.57	4.7141E-01
638.75	4.6185E-01
638.94	4.5636E-01
639.13	4.7282E-01
639.32	4.6387E-01
639.51	4.6237E-01
639.70	4.7118E-01
639.89	4.6217E-01
640.07	4.6417E-01
640.26	4.6351E-01
640.45	4.5720E-01
640.64	4.7401E-01
640.83	4.6982E-01
641.02	4.5710E-01
641.20	4.5651E-01
641.39	4.6631E-01
641.58	4.6627E-01
641.77	4.5868E-01
641.96	4.5591E-01
642.15	4.7319E-01
642.33	4.5685E-01
642.52	4.6053E-01
642.71	4.7379E-01
642.90	4.6471E-01
643.09	4.6150E-01
643.28	4.6340E-01
643.46	4.5487E-01
643.65	4.6349E-01
643.84	4.5476E-01
644.03	4.5478E-01
644.22	4.5609E-01
644.40	4.7159E-01
644.59	4.6667E-01
644.78	4.6821E-01
644.97	4.6156E-01
645.16	4.6445E-01
645.34	4.5809E-01
645.53	4.6365E-01
645.72	4.6093E-01
645.91	4.5471E-01
646.10	4.7019E-01
646.28	4.6000E-01
646.47	4.5715E-01
646.66	4.7223E-01
646.85	4.6407E-01
647.03	4.5313E-01
647.22	4.5207E-01
647.41	4.6632E-01
647.60	4.4667E-01
647.79	4.6389E-01
647.97	4.5354E-01
648.16	4.5127E-01
648.35	4.5857E-01
648.54	4.5798E-01
648.72	4.6029E-01
648.91	4.5696E-01
649.10	4.5873E-01
649.29	4.5599E-01
649.47	4.5977E-01
649.66	4.5533E-01
649.85	4.5466E-01
650.04	4.6993E-01
650.23	4.6089E-01
650.41	4.5943E-01
650.60	4.6012E-01
650.79	4.6129E-01
650.98	4.5840E-01
651.16	4.6605E-01
651.35	4.6485E-01
651.54	4.5127E-01
651.72	4.5376E-01
651.91	4.6317E-01
652.10	4.6009E-01
652.29	4.6729E-01
652.47	4.6831E-01
652.66	4.5476E-01
652.85	4.6019E-01
653.04	4.7346E-01
653.22	4.7761E-01
653.41	4.7284E-01
653.60	4.7028E-01
653.79	4.5546E-01
653.97	4.5687E-01
654.16	4.6634E-01
654.35	4.5301E-01
654.53	4.6151E-01
654.72	4.4366E-01
654.91	4.4651E-01
655.10	4.5145E-01
655.28	4.5240E-01
655.47	4.5487E-01
655.66	4.5627E-01
655.84	4.4795E-01
656.03	4.5134E-01
656.22	4.4828E-01
656.40	4.4284E-01
656.59	4.4649E-01
656.78	4.4528E-01
656.97	4.5229E-01
657.15	4.3363E-01
657.34	4.4014E-01
657.53	4.4564E-01
657.71	4.4327E-01
657.90	4.3373E-01
658.09	4.3271E-01
658.27	4.3886E-01
658.46	4.3842E-01
658.65	4.2587E-01
658.83	4.3667E-01
659.02	4.2947E-01
659.21	4.4106E-01
659.39	4.3625E-01
659.58	4.2631E-01
659.77	4.2513E-01
659.95	4.2054E-01
660.14	4.3552E-01
660.33	4.1594E-01
660.51	4.2572E-01
660.70	4.2121E-01
660.89	4.1973E-01
661.07	4.2004E-01
661.26	4.1955E-01
661.45	4.1793E-01
661.63	4.2189E-01
661.82	4.0722E-01
662.01	4.1431E-01
662.19	4.1166E-01
662.38	4.1178E-01
662.57	4.0155E-01
662.75	4.1405E-01
662.94	4.1314E-01
663.12	4.2058E-01
663.31	4.0767E-01
663.50	4.0264E-01
663.68	4.0532E-01
663.87	4.0266E-01
664.06	3.9361E-01
664.24	3.9576E-01
664.43	4.0742E-01
664.61	4.0511E-01
664.80	4.1388E-01
664.99	4.0044E-01
665.17	3.9872E-01
665.36	4.1176E-01
665.55	4.0987E-01
665.73	4.0440E-01
665.92	3.9433E-01
666.10	3.8740E-01
666.29	4.0294E-01
666.48	4.0261E-01
666.66	3.9128E-01
666.85	3.9417E-01
667.03	3.9558E-01
667.22	4.0013E-01
667.41	3.9708E-01
667.59	3.9288E-01
667.78	3.9633E-01
667.96	3.9048E-01
668.15	3.9534E-01
668.34	3.9532E-01
668.52	3.9084E-01
668.71	3.8197E-01
668.89	3.9875E-01
669.08	3.8794E-01
669.27	3.8352E-01
669.45	3.9423E-01
669.64	3.8421E-01
669.82	3.8940E-01
670.01	4.0803E-01
670.19	3.8341E-01
670.38	3.9072E-01
670.57	3.8920E-01
670.75	3.7058E-01
670.94	3.9461E-01
671.12	3.8857E-01
671.31	4.1074E-01
671.49	4.0589E-01
671.68	3.9362E-01
671.86	4.0085E-01
672.05	3.9796E-01
672.24	3.8813E-01
672.42	4.0546E-01
672.61	3.9907E-01
672.79	4.0003E-01
672.98	3.9792E-01
673.16	4.0227E-01
673.35	3.9536E-01
673.53	3.9617E-01
673.72	4.0819E-01
673.90	3.9918E-01
674.09	4.0553E-01
674.28	3.9616E-01
674.46	4.1149E-01
674.65	4.1431E-01
674.83	4.0662E-01
675.02	4.0627E-01
675.20	4.0431E-01
675.39	3.9968E-01
675.57	4.0885E-01
675.76	4.1548E-01
675.94	4.0964E-01
676.13	4.0198E-01
676.31	4.1422E-01
676.50	4.0544E-01
676.68	4.2126E-01
676.87	4.1269E-01
677.05	4.0804E-01
677.24	4.2721E-01
677.42	4.1542E-01
677.61	4.1021E-01
677.79	4.1059E-01
677.98	4.1650E-01
678.16	4.1778E-01
678.35	4.2354E-01
678.53	4.3261E-01
678.72	4.2330E-01
678.90	4.1122E-01
679.09	4.1352E-01
679.27	4.1361E-01
679.46	4.2418E-01
679.64	4.2849E-01
679.83	4.1485E-01
680.01	4.1694E-01
680.20	4.1813E-01
680.38	4.2614E-01
680.57	4.3264E-01
680.75	4.2405E-01
680.94	4.2330E-01
681.12	4.2784E-01
681.31	4.2658E-01
681.49	4.2264E-01
681.68	4.1547E-01
681.86	4.3058E-01
682.04	4.1791E-01
682.23	4.1796E-01
682.41	4.1552E-01
682.60	4.2664E-01
682.78	4.3387E-01
682.97	4.2550E-01
683.15	4.1921E-01
683.34	4.0561E-01
683.52	4.2435E-01
683.71	4.2754E-01
683.89	4.2097E-01
684.07	4.1867E-01
684.26	4.1913E-01
684.44	4.1807E-01
684.63	4.2027E-01
684.81	4.2609E-01
685.00	4.1624E-01
685.18	4.2361E-01
685.37	4.2231E-01
685.55	4.3215E-01
685.73	4.2812E-01
685.92	4.3068E-01
686.10	4.2226E-01
686.29	4.2535E-01
686.47	4.3688E-01
686.65	4.3550E-01
686.84	4.2263E-01
687.02	4.3654E-01
687.21	4.2367E-01
687.39	4.2817E-01
687.58	4.3200E-01
687.76	4.3165E-01
687.94	4.1991E-01
688.13	4.3047E-01
688.31	4.2992E-01
688.50	4.1857E-01
688.68	4.1765E-01
688.86	4.1690E-01
689.05	4.2102E-01
689.23	4.1340E-01
689.42	4.1907E-01
689.60	4.1180E-01
689.78	4.1424E-01
689.97	4.0523E-01
690.15	4.1020E-01
690.34	4.1322E-01
690.52	3.9609E-01
690.70	4.1322E-01
690.89	4.0994E-01
691.07	4.0672E-01
691.25	3.9508E-01
691.44	4.0910E-01
691.62	4.0287E-01
691.81	4.1270E-01
691.99	3.8843E-01
692.17	4.0256E-01
692.36	4.0314E-01
692.54	3.9782E-01
692.72	3.9911E-01
692.91	4.0671E-01
693.09	3.9401E-01
693.27	4.0895E-01
693.46	3.8448E-01
693.64	3.9653E-01
693.83	3.9232E-01
694.01	4.0494E-01
694.19	4.0528E-01
694.38	3.8872E-01
694.56	3.9264E-01
694.74	4.0432E-01
694.93	4.0218E-01
695.11	3.9684E-01
695.29	4.0320E-01
695.48	3.9872E-01
695.66	3.8421E-01
695.84	4.0001E-01
696.03	3.9381E-01
696.21	3.8608E-01
696.39	4.1078E-01
696.58	3.9732E-01
696.76	4.0368E-01
696.94	3.9388E-01
697.13	3.7579E-01
697.31	4.0325E-01
697.49	3.9398E-01
697.68	4.0691E-01
697.86	3.8752E-01
698.04	3.8100E-01
698.22	3.8365E-01
698.41	3.9245E-01
698.59	3.8607E-01
698.77	3.8116E-01
698.96	3.7489E-01
699.14	3.8747E-01
699.32	3.9174E-01
699.51	3.8810E-01
699.69	3.8445E-01
699.87	3.8350E-01
700.06	3.9979E-01
700.24	3.9033E-01
700.42	3.8850E-01
700.60	4.0191E-01
700.79	3.8304E-01
700.97	3.8374E-01
701.15	3.9125E-01
701.34	3.8727E-01
701.52	3.9165E-01
701.70	3.9097E-01
701.88	4.0594E-01
702.07	3.9587E-01
702.25	3.8231E-01
702.43	3.8749E-01
702.61	3.8986E-01
702.80	3.8792E-01
702.98	3.8488E-01
703.16	3.8611E-01
703.34	3.9096E-01
703.53	3.9010E-01
703.71	3.8954E-01
703.89	3.7359E-01
704.08	3.7382E-01
704.26	3.8230E-01
704.44	3.8765E-01
704.62	3.8140E-01
704.81	3.7710E-01
704.99	3.8171E-01
705.17	3.7854E-01
705.35	3.6723E-01
705.54	3.6511E-01
705.72	3.6978E-01
705.90	3.8043E-01
706.08	3.7453E-01
706.26	3.7011E-01
706.45	3.6414E-01
706.63	3.6897E-01
706.81	3.6513E-01
706.99	3.6878E-01
707.18	3.4747E-01
707.36	3.5578E-01
707.54	3.7060E-01
707.72	3.5036E-01
707.90	3.6491E-01
708.09	3.4910E-01
708.27	3.6571E-01
708.45	3.5320E-01
708.63	3.4138E-01
708.82	3.5525E-01
709.00	3.5662E-01
709.18	3.4561E-01
709.36	3.3980E-01
709.54	3.3656E-01
709.73	3.2994E-01
709.91	3.4362E-01
710.09	3.2907E-01
710.27	3.3825E-01
710.45	3.2012E-01
710.64	3.3415E-01
710.82	3.2472E-01
711.00	3.2059E-01
711.18	3.2874E-01
711.36	3.2020E-01
711.54	3.1467E-01
711.73	3.1435E-01
711.91	3.2687E-01
712.09	3.1724E-01
712.27	3.1828E-01
712.45	3.0281E-01
712.64	3.1005E-01
712.82	3.0758E-01
713.00	3.0852E-01
713.18	3.1208E-01
713.36	3.0094E-01
713.54	3.0661E-01
713.73	3.0938E-01
713.91	3.1326E-01
714.09	2.9380E-01
714.27	2.8918E-01
714.45	2.9060E-01
714.63	2.8623E-01
714.82	2.9205E-01
715.00	2.9041E-01
715.18	2.9006E-01
715.36	2.8773E-01
715.54	2.9720E-01
715.72	2.8911E-01
715.90	2.9598E-01
716.09	2.8188E-01
716.27	2.9072E-01
716.45	2.8471E-01
716.63	2.7167E-01
716.81	2.7282E-01
716.99	2.7780E-01
717.17	2.7342E-01
717.35	2.6645E-01
717.54	2.6676E-01
717.72	2.6719E-01
717.90	2.5536E-01
718.08	2.5694E-01
718.26	2.6217E-01
718.44	2.5842E-01
718.62	2.5781E-01
718.80	2.5087E-01
718.99	2.5738E-01
719.17	2.4364E-01
719.35	2.3978E-01
719.53	2.4959E-01
719.71	2.4438E-01
719.89	2.4677E-01
720.07	2.3757E-01
720.25	2.4796E-01
720.43	2.3473E-01
720.61	2.4461E-01
720.80	2.3201E-01
720.98	2.3221E-01
721.16	2.2849E-01
721.34	2.1005E-01
721.52	2.3442E-01
721.70	2.2634E-01
721.88	2.0760E-01
722.06	2.2372E-01
722.24	2.1401E-01
722.42	2.0826E-01
722.60	2.2089E-01
722.78	2.1241E-01
722.97	2.0465E-01
723.15	2.0095E-01
723.33	1.9769E-01
723.51	1.9128E-01
723.69	1.9341E-01
723.87	1.8770E-01
724.05	1.7836E-01
724.23	1.8558E-01
724.41	1.8388E-01
724.59	1.9036E-01
724.77	1.7490E-01
724.95	1.7646E-01
725.13	1.7302E-01
725.31	1.6396E-01
725.49	1.7929E-01
725.67	1.5298E-01
725.85	1.5440E-01
726.03	1.6671E-01
726.22	1.4666E-01
726.40	1.6298E-01
726.58	1.4326E-01
726.76	1.5192E-01
726.94	1.4536E-01
727.12	1.4587E-01
727.30	1.3367E-01
727.48	1.2980E-01
727.66	1.3865E-01
727.84	1.2793E-01
728.02	1.4589E-01
728.20	1.2691E-01
728.38	1.2276E-01
728.56	1.3272E-01
728.74	1.2165E-01
728.92	1.0661E-01
729.10	1.1577E-01
729.28	1.0935E-01
729.46	1.0841E-01
729.64	1.0978E-01
729.82	1.0033E-01
730.00	1.0496E-01
730.18	1.0505E-01
730.36	1.0033E-01
730.54	1.0926E-01
730.72	9.6832E-02
730.90	9.4178E-02
731.08	1.0378E-01
731.26	8.5052E-02
731.44	9.9334E-02
731.62	9.3839E-02
731.80	8.7702E-02
731.98	9.3550E-02
732.16	8.2265E-02
732.34	6.9268E-02
732.52	7.2868E-02
732.70	7.7187E-02
732.88	8.6261E-02
733.06	7.7190E-02
733.24	8.3049E-02
733.42	7.4373E-02
733.60	6.8910E-02
733.78	6.8086E-02
733.96	7.5139E-02
734.14	7.0362E-02
734.32	5.5459E-02
734.50	7.1802E-02
734.67	7.0509E-02
734.85	5.2448E-02
735.03	6.0654E-02
735.21	6.9123E-02
735.39	6.1817E-02
735.57	6.8652E-02
735.75	7.1879E-02
735.93	4.9738E-02
736.11	7.3607E-02
736.29	5.7088E-02
736.47	6.3641E-02
736.65	5.7366E-02
736.83	6.6709E-02
737.01	4.2636E-02
737.19	4.8384E-02
737.37	5.3962E-02
737.55	4.9966E-02
737.72	5.2383E-02
737.90	4.7504E-02
738.08	4.2829E-02
738.26	4.7746E-02
738.44	6.2811E-02
738.62	2.9427E-02
738.80	4.1449E-02
738.98	4.6656E-02
739.16	4.0071E-02
739.34	5.3633E-02
739.52	4.5251E-02
739.70	4.7238E-02
739.87	3.3574E-02
740.05	3.2054E-02
740.23	4.7056E-02
740.41	4.7672E-02
740.59	2.9292E-02
740.77	3.7079E-02
740.95	3.5540E-02
741.13	3.0378E-02
741.31	3.7083E-02
741.49	3.4293E-02
741.66	2.5411E-02
741.84	4.3646E-02
742.02	3.1777E-02
742.20	3.2163E-02
742.38	3.6556E-02
742.56	2.0972E-02
742.74	2.4322E-02
742.92	3.0213E-02
743.09	3.3129E-02
743.27	1.9025E-02
743.45	4.9915E-02
743.63	2.5302E-02
743.81	3.6951E-02
743.99	3.3456E-02
744.17	3.2294E-02
744.35	2.1762E-02
744.52	4.1817E-02
744.70	1.8752E-02
744.88	3.3683E-02
745.06	3.0615E-02
745.24	3.2525E-02
745.42	2.4451E-02
745.59	3.8473E-02
745.77	3.3543E-02
745.95	2.4872E-02
746.13	2.8084E-02
746.31	1.5122E-02
746.49	2.4199E-02
746.67	1.6778E-02
746.84	1.6278E-02
747.02	2.5933E-02
747.20	2.0327E-02
747.38	3.2123E-02
747.56	6.9672E-03
747.74	2.6539E-02
747.91	1.1269E-02
748.09	2.5789E-02
748.27	1.5052E-02
748.45	2.9297E-02
748.63	1.4243E-02
748.80	3.0887E-02
748.98	1.8800E-02
749.16	2.9018E-02
749.34	8.5961E-03
749.52	2.8747E-02
749.69	3.1427E-02
749.87	2.6043E-02
750.05	3.1088E-02
750.23	2.1972E-02
750.41	3.1866E-02
750.59	2.0612E-02
750.76	1.9793E-02
750.94	2.7790E-02
751.12	8.8100E-03
751.30	1.3062E-02
751.47	1.9430E-02
751.65	1.0903E-02
751.83	1.5396E-02
752.01	1.5395E-02
752.19	8.7466E-03
752.36	2.5161E-02
752.54	1.1369E-02
752.72	1.8218E-02
752.90	1.9259E-02
753.07	1.7644E-02
753.25	3.0271E-02
753.43	2.9190E-02
753.61	1.9690E-02
753.79	2.3360E-02
753.96	1.1271E-02
754.14	1.0206E-02
754.32	-8.8883E-03
754.50	9.6665E-03
754.67	1.3573E-02
754.85	1.3825E-02
755.03	1.9281E-02
755.21	1.5875E-02
755.38	3.3017E-02
755.56	1.6118E-02
755.74	2.4682E-02
755.92	1.6356E-02
756.09	1.7656E-02
756.27	1.5815E-02
756.45	2.6172E-02
756.63	2.3837E-02
756.80	1.5527E-02
756.98	2.8997E-02
757.16	2.6916E-02
757.33	1.2936E-02
757.51	2.2757E-02
757.69	1.5002E-02
757.87	6.7265E-03
758.04	1.9143E-02
758.22	2.4579E-02
758.40	2.0707E-02
758.58	1.2938E-03
758.75	1.6313E-02
758.93	4.0684E-02
759.11	2.3589E-02
759.28	1.9718E-02
759.46	1.3492E-02
759.64	1.8689E-02
759.81	1.9208E-02
759.99	-5.1962E-04
760.17	1.9764E-02
760.35	1.6652E-02
760.52	-5.2115E-03
760.70	1.1213E-02
760.88	1.1743E-02
761.05	1.4627E-02
761.23	1.8310E-02
761.41	2.7234E-02
761.58	1.6254E-02
761.76	1.0504E-02
761.94	1.5243E-02
762.11	2.0247E-02
762.29	1.5279E-02
762.47	1.8195E-02
762.65	2.0592E-02
762.82	2.2986E-02
763.00	3.1767E-03
763.18	1.8275E-02
763.35	7.6960E-03
763.53	1.7272E-02
763.71	1.5436E-02
763.88	1.4402E-02
764.06	1.4971E-02
764.23	9.1007E-03
764.41	1.7708E-02
764.59	1.9637E-02
764.76	1.4822E-02
764.94	3.2399E-03
765.12	3.6535E-02
765.29	3.0630E-02
765.47	1.5755E-02
765.65	1.2518E-02
765.82	2.5639E-02
766.00	3.4160E-02
766.18	1.8087E-02
766.35	4.6672E-03
766.53	2.0081E-02
766.71	2.3428E-02
766.88	9.6692E-03
767.06	1.4673E-02
767.23	6.6612E-03
767.41	3.3081E-02
767.59	2.0914E-02
767.76	5.8662E-03
767.94	2.2695E-02
768.12	8.9796E-03
768.29	1.1262E-02
768.47	3.2981E-02
768.64	2.9699E-02
768.82	5.6685E-04
769.00	-3.9789E-03
769.17	1.8230E-02
769.35	2.9158E-02
769.52	1.0596E-02
769.70	2.2132E-02
769.88	2.0448E-02
770.05	1.0398E-02
770.23	2.3424E-02
770.40	5.8039E-03
770.58	4.9459E-03
770.76	1.6920E-02
770.93	7.0211E-03
771.11	1.4968E-02
771.28	1.5881E-02
771.46	1.6506E-02
771.63	-8.5624E-03
771.81	4.7415E-03
771.99	1.0398E-02
772.16	1.3413E-02
772.34	1.4349E-02
772.51	1.7080E-02
772.69	1.3828E-02
772.87	1.6573E-02
773.04	1.0578E-02
773.22	1.3345E-02
773.39	-1.4914E-02
773.57	9.4607E-03
773.74	-5.2000E-03
773.92	2.1491E-03
774.09	-2.4608E-03
774.27	1.9445E-02
774.45	8.3609E-03
774.62	1.7071E-02
774.80	6.2339E-03
774.97	1.1878E-02
775.15	-1.2541E-03
775.32	-5.0307E-03
775.50	7.5753E-03
775.67	1.0768E-02
775.85	2.3178E-02
776.02	1.6580E-02
776.20	3.8358E-03
776.37	5.1303E-03
776.55	-8.0473E-03
776.73	1.0002E-02
776.90	6.4714E-03
777.08	8.4315E-03
777.25	1.0405E-02
777.43	2.0873E-02
777.60	2.9435E-03
777.78	1.3783E-02
777.95	2.7308E-02
778.13	1.2543E-02
778.30	1.3240E-03
778.48	-1.2279E-02
778.65	2.3602E-02
778.83	7.0031E-03
779.00	3.0113E-03
779.18	-1.7468E-02
779.35	8.7590E-03
779.53	7.4331E-03
779.70	1.5928E-02
779.88	-5.4416E-03
780.05	1.8427E-02
780.23	1.8822E-02
780.40	1.8208E-02
780.58	3.1048E-03
780.75	-5.5333E-03
780.93	6.5959E-03
781.10	8.0093E-03
781.28	9.7792E-03
781.45	5.9602E-03
781.63	-1.3362E-02
781.80	-1.0231E-02
781.98	3.1508E-02
782.15	-1.3508E-02
782.32	1.0689E-02
782.50	1.0726E-03
782.67	1.4726E-02
782.85	8.6438E-03
783.02	3.2532E-03
783.20	1.1243E-02
783.37	1.7827E-02
783.55	9.1289E-03
783.72	1.3922E-02
783.90	1.9107E-02
784.07	2.2126E-02
784.25	9.9943E-03
784.42	4.8284E-03
784.59	8.5705E-03
784.77	-6.7314E-03
784.94	1.9500E-02
785.12	-9.0361E-03
785.29	7.5530E-04
785.47	1.1363E-03
785.64	-5.6984E-03
785.81	4.5722E-03
785.99	-6.1151E-03
786.16	-6.5168E-03
786.34	-1.0000E-02
786.51	-1.1570E-03
786.69	6.9666E-03
786.86	6.9899E-03
787.03	-1.4798E-02
787.21	4.2958E-03
787.38	1.6469E-02
787.56	-3.9332E-04
787.73	-5.9221E-03
787.91	1.6235E-02
788.08	2.3424E-02
788.25	1.9909E-03
788.43	-1.4777E-02
788.60	2.4429E-02
788.78	1.2054E-03
788.95	-1.2080E-03
789.12	1.6158E-03
789.30	2.6325E-02
789.47	6.0935E-03
789.65	5.7016E-03
789.82	2.4118E-02
789.99	1.3944E-02
790.17	2.4678E-03
790.34	-2.4344E-02
790.51	1.2010E-02
790.69	-4.9853E-03
790.86	-1.0428E-02
791.04	5.4462E-03
791.21	2.5243E-02
791.38	3.0852E-02
791.56	-2.5472E-02
791.73	2.0860E-02
791.90	-8.5546E-03
792.08	6.0139E-03
792.25	2.0701E-02
792.43	3.8102E-02
792.60	1.7368E-02
792.77	1.2206E-02
792.95	1.2681E-02
793.12	-3.5071E-03
793.29	2.4616E-02
793.47	1.1458E-02
793.64	2.1225E-02
793.81	2.2176E-03
793.99	0.0000E00
794.16	-1.7837E-03
794.33	8.4904E-03
794.51	-1.7051E-02
794.68	1.3499E-02
794.85	1.1735E-02
795.03	-3.6213E-03
795.20	4.5400E-03
795.37	8.6531E-03
795.55	1.0507E-02
795.72	-6.8773E-03
795.89	6.4450E-03
796.07	-1.5237E-02
796.24	7.4210E-03
796.41	-3.0685E-02
796.59	1.6803E-02
796.76	3.2743E-03
796.93	1.8790E-03
797.11	1.3202E-02
797.28	1.8472E-02
797.45	3.2332E-02
797.63	5.2473E-03
797.80	-2.8731E-03
797.97	7.6837E-03
798.14	1.7358E-02
798.32	-6.7746E-03
798.49	2.9125E-03
798.66	2.4887E-02
798.84	4.8953E-03
799.01	-3.1454E-02
799.18	-4.9241E-04
799.35	6.4266E-03
799.53	2.1316E-02
799.70	1.2439E-02
799.87	-1.9972E-03
800.05	1.7518E-02
800.22	4.0184E-03
800.39	1.3608E-02
800.56	-2.1731E-02
800.74	-2.1305E-02
800.91	4.2715E-02
801.08	2.3463E-02
801.26	-2.4547E-02
801.43	-4.6228E-03
801.60	3.3494E-02
801.77	1.4470E-02
801.95	-9.8499E-03
802.12	-1.0404E-02
802.29	1.3572E-02
802.46	1.0994E-02
802.64	1.0500E-02
802.81	9.4908E-03
802.98	1.0586E-02
803.15	-3.7165E-03
803.33	2.9286E-02
803.50	1.4956E-02
803.67	-5.9004E-03
803.84	1.1842E-02
804.02	3.0780E-02
804.19	2.7631E-02
804.36	5.4375E-03
804.53	3.2738E-03
804.70	3.8843E-02
804.88	-1.9237E-02
805.05	-1.4348E-02
805.22	3.0421E-02
805.39	1.3881E-02
805.57	2.4510E-02
805.74	1.3410E-02
805.91	7.2927E-03
806.08	5.6318E-03
806.25	5.9965E-02
806.43	1.5886E-02
806.60	1.3674E-02
806.77	1.1991E-02
806.94	4.0094E-03
807.11	1.0937E-02
807.29	-3.9288E-02
807.46	2.4339E-02
807.63	2.2688E-02
807.80	-1.6931E-02
807.97	1.6396E-02
808.15	2.3493E-03
808.32	6.4870E-03
808.49	1.6566E-02
808.66	3.0257E-02
808.83	-1.1916E-02
809.01	1.9111E-02
809.18	1.1987E-02
809.35	2.7681E-02
809.52	-1.8122E-03
809.69	-1.8176E-02
809.86	-1.3377E-02
810.04	1.2206E-03
810.21	1.4076E-02
810.38	-3.6886E-03
810.55	5.2500E-02
810.72	-2.4146E-02
810.89	4.3554E-03
811.07	1.4363E-02
811.24	-1.3166E-02
811.41	-3.0193E-02
811.58	1.5784E-02
811.75	3.4213E-02
811.92	-9.5371E-03
812.10	-1.1492E-02
812.27	-2.5603E-02
812.44	4.1775E-02
812.61	4.5814E-02
812.78	5.1792E-03
812.95	-1.1041E-02
813.12	-6.5183E-03
813.30	8.4990E-03
813.47	3.9402E-03
813.64	-7.9136E-03
813.81	1.5215E-02
813.98	-3.3209E-03
814.15	-1.8660E-02
814.32	-6.0155E-03
814.49	0.0000E00
814.67	2.6225E-02
814.84	3.9139E-02
815.01	6.7696E-03
815.18	-3.3997E-03
815.35	5.4578E-03
815.52	-2.3947E-02
815.69	-1.5800E-02
815.86	-2.1367E-02
816.03	1.7998E-02
816.21	9.7254E-03
816.38	-2.0226E-02
816.55	3.9247E-02
816.72	8.4445E-03
816.89	2.0478E-02
817.06	3.5453E-03
817.23	-1.7803E-02
817.40	-1.4287E-03
817.57	-7.1732E-03
817.74	1.0804E-02
817.91	-2.8921E-03
818.09	-5.8068E-03
818.26	-2.2580E-02
818.43	5.1173E-03
818.60	3.6679E-03
818.77	2.2089E-02
818.94	-7.3884E-03
819.11	-4.5955E-02
819.28	1.1162E-02
819.45	-5.9723E-03
819.62	-3.7432E-03
819.79	3.9772E-02
819.96	6.1038E-02
820.13	1.5112E-03
820.30	-1.5168E-03
820.48	3.8090E-02
820.65	6.1157E-03
820.82	2.3005E-03
820.99	-8.4695E-03
821.16	-2.0859E-02
821.33	8.5260E-03
821.50	-1.7125E-02
821.67	3.5950E-02
821.84	-1.7257E-02
822.01	1.1030E-02
822.18	3.5600E-02
822.35	5.7882E-02
822.52	1.9914E-02
822.69	-3.9948E-03
822.86	4.5705E-02
823.03	2.1731E-02
823.20	1.4547E-02
823.37	2.5149E-02
823.54	1.9564E-02
823.71	2.2068E-02
823.88	-5.7473E-03
824.05	4.2013E-02
824.22	1.2400E-02
824.39	1.1617E-02
824.56	7.5002E-03
824.73	5.6047E-02
824.90	2.2679E-02
825.07	1.1797E-02
825.24	7.6175E-03
825.41	-1.7834E-02
825.58	-9.3887E-03
825.75	0.0000E00
825.92	-1.4628E-02
826.09	2.6808E-02
826.26	-1.4760E-02
826.43	1.7432E-03
826.60	4.0262E-02
826.77	-1.0554E-02
826.94	1.1493E-02
827.11	7.0961E-03
827.28	1.1573E-02
827.45	8.9359E-04
827.62	2.1534E-02
827.79	2.9703E-02
827.96	-5.4221E-03
828.13	2.9924E-02
828.30	-1.0924E-02
828.47	-3.1071E-02
828.64	-5.2252E-02
828.81	1.5626E-02
828.98	-7.3879E-03
829.15	3.1500E-02
829.32	6.0457E-02
829.49	-8.4026E-03
829.66	1.3120E-02
829.83	5.8373E-02
830.00	-6.6135E-03
830.17	3.5150E-02
830.34	-3.5268E-02
830.50	3.1580E-02
830.67	6.8269E-02
830.84	4.8211E-02
831.01	-1.2595E-02
831.18	-2.5264E-02
831.35	1.5601E-02
831.52	2.3519E-02
831.69	-3.4404E-02
831.86	3.4615E-02
832.03	1.0915E-02
832.20	6.3857E-02
832.37	1.0035E-02
832.54	-1.0092E-03
832.71	-2.0334E-03
832.87	-1.7397E-02
833.04	5.1516E-02
833.21	3.4205E-02
833.38	3.3316E-02
833.55	3.1387E-03
833.72	-2.3083E-02
833.89	-1.5817E-02
834.06	6.8611E-02
834.23	2.5404E-02
834.40	2.1202E-03
834.57	2.6484E-02
834.73	3.6084E-02
834.90	3.2983E-02
835.07	3.6218E-02
835.24	5.8732E-02
835.41	2.2486E-02
835.58	3.3285E-02
835.75	-5.3771E-03
835.92	-7.5661E-03
836.09	4.0142E-02
836.25	4.1383E-02
836.42	4.5975E-02
836.59	2.7477E-02
836.76	5.6191E-02
836.93	-1.4400E-02
837.10	-5.4492E-02
837.27	3.9080E-02
837.43	5.2695E-02
837.60	1.4649E-02
837.77	5.2022E-02
837.94	2.2715E-03
838.11	-1.1401E-03
838.28	0.0000E00
838.45	-2.0697E-02
838.61	6.5850E-02
838.78	-4.2894E-02
838.95	1.9787E-02
839.12	4.9101E-02
839.29	4.8134E-02
839.46	1.4143E-02
839.63	2.6046E-02
839.79	7.1295E-03
839.96	-1.0751E-02
840.13	1.7977E-02
840.30	-4.8132E-03
840.47	8.0934E-02
840.64	1.5769E-02
840.80	2.4363E-03
840.97	9.7869E-03
841.14	-3.4407E-02
841.31	2.4685E-02
841.48	3.0976E-02
841.64	-8.7111E-03
841.81	-1.2501E-02
841.98	3.2664E-02
842.15	1.0089E-02
842.32	1.7738E-02
842.49	2.9250E-02
842.65	1.9166E-02
842.82	1.9227E-02
842.99	3.3443E-02
843.16	1.1627E-02
843.33	4.1534E-02
843.49	-6.5048E-03
843.66	9.1426E-03
843.83	2.4918E-02
844.00	-1.8440E-02
844.17	1.5859E-02
844.33	-4.5114E-02
844.50	-7.9962E-03
844.67	9.3690E-03
844.84	-6.8589E-02
845.00	-2.9678E-02
845.17	-2.0310E-02
845.34	6.8110E-03
845.51	5.1963E-02
845.68	9.6150E-03
845.84	-4.8289E-02
846.01	7.7671E-02
846.18	8.4967E-02
846.35	3.7769E-02
846.51	-2.1087E-02
846.68	-4.2372E-03
846.85	1.9868E-02
847.02	5.2770E-02
847.18	5.2958E-02
847.35	-2.3017E-02
847.52	4.1894E-02
847.69	4.2098E-02
847.85	4.3758E-03
848.02	-1.0264E-02
848.19	2.3571E-02
848.36	1.0366E-02
848.52	5.7966E-02
848.69	4.7814E-02
848.86	3.0001E-02
849.03	0.0000E00
849.19	1.8157E-02
849.36	3.0398E-03
849.53	5.4941E-02
849.69	-9.1923E-03
849.86	1.8453E-02
850.03	2.4694E-02
850.20	7.7416E-03
850.36	-1.8676E-02
850.53	7.0291E-02
850.70	1.5687E-02
850.86	-4.4095E-02
851.03	-9.4971E-03
851.20	3.8121E-02
851.37	5.1080E-02
851.53	-1.1229E-02
851.70	8.7009E-02
851.87	-1.7809E-02
852.03	1.3667E-01
852.20	-6.5347E-03
852.37	1.0512E-01
852.53	-2.4732E-02
852.70	-6.7992E-02
852.87	1.0650E-01
853.04	-3.0110E-02
853.20	-1.3431E-02
853.37	7.0834E-02
853.54	3.7282E-02
853.70	6.8090E-02
853.87	8.5435E-03
854.04	-2.0603E-02
854.20	-2.9315E-02
854.37	-8.8418E-02
854.54	1.3930E-02
854.70	1.1384E-01
854.87	4.5755E-02
855.04	2.8302E-02
855.20	7.2813E-02
855.37	1.1764E-01
855.54	-9.1313E-02
855.70	5.2238E-02
855.87	-6.1585E-02
856.04	5.6375E-02
856.20	3.8368E-02
856.37	-8.6253E-02
856.53	-3.6850E-02
856.70	1.2030E-01
856.87	1.3194E-01
857.03	2.6158E-02
857.20	7.5109E-02
857.37	-3.7740E-02
857.53	9.2875E-02
857.70	3.8031E-03
857.87	1.7201E-02
858.03	-3.8384E-02
858.20	-3.0845E-02
858.36	-7.3570E-02
858.53	7.1950E-02
858.70	-3.1268E-02
858.86	7.8494E-03
859.03	5.5217E-02
859.20	2.5743E-02
859.36	3.9737E-03
859.53	7.1888E-02
859.69	2.4058E-02
859.86	7.2542E-02
860.03	-8.2936E-02
860.19	3.0491E-02
860.36	8.5744E-02
860.52	5.7454E-02
860.69	7.8297E-02
860.86	-2.2787E-02
861.02	4.3734E-02
861.19	7.3239E-02
861.35	7.1525E-02
861.52	2.0922E-01
861.68	-9.9822E-02
861.85	1.2403E-01
862.02	8.3948E-02
862.18	7.1397E-02
862.35	1.7395E-02
862.51	6.5590E-02
862.68	2.1972E-03
862.85	-6.6294E-03
863.01	2.2254E-02
863.18	8.9483E-03
863.34	1.5762E-02
863.51	-4.5334E-03
863.67	-3.4149E-02
863.84	3.8889E-02
864.00	4.6003E-03
864.17	-7.1706E-02
864.34	-1.1863E-01
864.50	1.1692E-02
864.67	6.3512E-02
864.83	1.2514E-01
865.00	3.5639E-02
865.16	4.7771E-02
865.33	4.7984E-03
865.49	3.8613E-02
865.66	4.8508E-03
865.82	-2.9313E-02
865.99	-4.9085E-03
866.16	2.0976E-01
866.32	9.9280E-03
866.49	2.7425E-02
866.65	9.0255E-02
866.82	-2.2654E-02
866.98	1.1136E-01
867.15	-3.0496E-02
867.31	3.8316E-02
867.48	-1.3376E-01
867.64	9.2947E-02
867.81	1.5578E-01
867.97	-1.5677E-02
868.14	-7.0860E-02
868.30	1.5818E-02
868.47	2.0165E-01
868.63	-8.5434E-02
868.80	1.3161E-01
868.96	1.8956E-02
869.13	5.7104E-02
869.29	-2.7326E-02
869.46	-1.6492E-02
869.62	1.1606E-01
869.79	1.3883E-02
869.95	1.8999E-01
870.12	-1.3214E-01
870.28	5.3694E-02
870.45	-1.0515E-01
870.61	1.4293E-02
870.78	0.0000E00
870.94	-2.8957E-02
871.11	-1.1641E-02
871.27	7.0395E-02
871.43	2.0666E-02
871.60	2.9742E-02
871.76	-6.8872E-02
871.93	1.5083E-01
872.09	5.4674E-02
872.26	7.0326E-02
872.42	2.1529E-02
872.59	-1.5150E-01
872.75	5.9164E-02
872.92	5.9525E-02
873.08	-1.3532E-01
873.25	6.6551E-02
873.41	-4.1378E-02
873.57	-1.3463E-01
873.74	3.2227E-03
873.90	6.4832E-03
874.07	1.2721E-01
874.23	8.5292E-02
874.40	3.3043E-03
874.56	4.9892E-02
874.72	7.0409E-02
874.89	4.0533E-02
875.05	3.7426E-02
875.22	1.1647E-01
875.38	1.7229E-02
875.55	1.7364E-02
875.71	8.3860E-02
875.87	5.6353E-02
876.04	7.4513E-02
876.20	-1.1787E-01
876.37	2.2265E-01
876.53	0.0000E00
876.69	1.9619E-01
876.86	2.1203E-01
877.02	9.5836E-02
877.19	1.8926E-01
877.35	-5.9680E-02
877.51	-4.1394E-02
877.68	9.4574E-02
877.84	-7.2344E-02
878.01	1.1507E-02
878.17	1.3141E-01
878.33	-7.3935E-02
878.50	1.9973E-01
878.66	1.9723E-01
878.83	7.5406E-02
878.99	1.8756E-01
879.15	9.6538E-02
879.32	8.8989E-02
879.48	-3.6674E-02
879.64	1.4772E-01
879.81	1.5274E-01
879.97	5.8191E-02
880.14	4.1881E-03
880.30	1.0540E-01
880.46	-1.6978E-02
880.63	2.9920E-01
880.79	1.0768E-01
880.95	1.1279E-01
881.12	-3.0602E-02
881.28	-1.7596E-02
881.44	-1.3281E-02
881.61	-1.7831E-02
881.77	2.1974E-01
881.93	1.4442E-01
882.10	2.7269E-02
882.26	0.0000E00
882.42	3.8690E-01
882.59	1.5778E-01
882.75	-4.6743E-02
882.91	-6.1160E-02
883.08	1.7061E-01
883.24	2.2902E-01
883.40	-1.1049E-01
883.57	4.8314E-03
883.73	1.2172E-01
883.89	6.8514E-02
884.06	-2.4644E-01
884.22	6.4346E-02
884.38	1.4976E-01
884.55	-1.1040E-01
884.71	-3.5338E-02
884.87	1.3714E-01
885.04	7.6724E-02
885.20	-1.1067E-01
885.36	2.2376E-01
885.52	3.3855E-01
885.69	7.3519E-02
885.85	7.3519E-02
